radii: inner=1 outer=2
coef: static=1 dynamic=1 restitution=1
ic's: radial=0 radv=0
    : latitude=0 latv=0
    : longitude=0 longv=0
    : sphere angvel=0 10 0

 cond     time     rad      radv   com_x   com_y   com_z  angv_1  angv_2    angv_3     energy
 FREE  0.00000  0.0000    0.0000  0.0000  0.0000  0.0000  0.0000 10.0000    0.0000   39.60000
 FREE  0.02000 -0.0020   -0.1960  0.0000 -0.0020  0.0000  0.0000 10.0000    0.0000   39.60000
 FREE  0.04000 -0.0078   -0.3920  0.0000 -0.0078  0.0000  0.0000 10.0000    0.0000   39.60000
 FREE  0.06000 -0.0176   -0.5880  0.0000 -0.0176  0.0000  0.0000 10.0000    0.0000   39.60000
 FREE  0.08000 -0.0314   -0.7840  0.0000 -0.0314  0.0000  0.0000 10.0000    0.0000   39.60000
 FREE  0.10000 -0.0490   -0.9800  0.0000 -0.0490  0.0000  0.0000 10.0000    0.0000   39.60000
 FREE  0.12000 -0.0706   -1.1760  0.0000 -0.0706  0.0000  0.0000 10.0000    0.0000   39.60000
 FREE  0.14000 -0.0960   -1.3720  0.0000 -0.0960  0.0000  0.0000 10.0000    0.0000   39.60000
 FREE  0.16000 -0.1254   -1.5680  0.0000 -0.1254  0.0000  0.0000 10.0000    0.0000   39.60000
 FREE  0.18000 -0.1588   -1.7640  0.0000 -0.1588  0.0000  0.0000 10.0000    0.0000   39.60000
 FREE  0.20000 -0.1960   -1.9600  0.0000 -0.1960  0.0000  0.0000 10.0000    0.0000   39.60000
 FREE  0.22000 -0.2372   -2.1560  0.0000 -0.2372  0.0000  0.0000 10.0000    0.0000   39.60000
 FREE  0.24000 -0.2822   -2.3520  0.0000 -0.2822  0.0000  0.0000 10.0000    0.0000   39.60000
 FREE  0.26000 -0.3312   -2.5480  0.0000 -0.3312  0.0000  0.0000 10.0000    0.0000   39.60000
 FREE  0.28000 -0.3842   -2.7440  0.0000 -0.3842  0.0000  0.0000 10.0000    0.0000   39.60000
 FREE  0.30000 -0.4410   -2.9400  0.0000 -0.4410  0.0000  0.0000 10.0000    0.0000   39.60000
 FREE  0.32000 -0.5018   -3.1360  0.0000 -0.5018  0.0000  0.0000 10.0000    0.0000   39.60000
 FREE  0.34000 -0.5664   -3.3320  0.0000 -0.5664  0.0000  0.0000 10.0000    0.0000   39.60000
 FREE  0.36000 -0.6350   -3.5280  0.0000 -0.6350  0.0000  0.0000 10.0000    0.0000   39.60000
 FREE  0.38000 -0.7076   -3.7240  0.0000 -0.7076  0.0000  0.0000 10.0000    0.0000   39.60000
 FREE  0.40000 -0.7840   -3.9200  0.0000 -0.7840  0.0000  0.0000 10.0000    0.0000   39.60000
 FREE  0.42000 -0.8644   -4.1160  0.0000 -0.8644  0.0000  0.0000 10.0000    0.0000   39.60000
 FREE  0.44000 -0.9486   -4.3120  0.0000 -0.9486  0.0000  0.0000 10.0000    0.0000   39.60000
*FREE  0.45175 -1.0000    4.4272  0.0000 -1.0000  0.0000  0.0000 10.0000    0.0000   39.60000
 FREE  0.46000 -0.9638    4.3464  0.0000 -0.9638  0.0000  0.0000 10.0000    0.0000   39.60000
 FREE  0.48000 -0.8789    4.1504  0.0000 -0.8789  0.0000  0.0000 10.0000    0.0000   39.60000
 FREE  0.50000 -0.7978    3.9544  0.0000 -0.7978  0.0000  0.0000 10.0000    0.0000   39.60000
 FREE  0.52000 -0.7207    3.7584  0.0000 -0.7207  0.0000  0.0000 10.0000    0.0000   39.60000
 FREE  0.54000 -0.6475    3.5624  0.0000 -0.6475  0.0000  0.0000 10.0000    0.0000   39.60000
 FREE  0.56000 -0.5782    3.3664  0.0000 -0.5782  0.0000  0.0000 10.0000    0.0000   39.60000
 FREE  0.58000 -0.5128    3.1704  0.0000 -0.5128  0.0000  0.0000 10.0000    0.0000   39.60000
 FREE  0.60000 -0.4514    2.9744  0.0000 -0.4514  0.0000  0.0000 10.0000    0.0000   39.60000
 FREE  0.62000 -0.3938    2.7784  0.0000 -0.3938  0.0000  0.0000 10.0000    0.0000   39.60000
 FREE  0.64000 -0.3402    2.5824  0.0000 -0.3402  0.0000  0.0000 10.0000    0.0000   39.60000
 FREE  0.66000 -0.2906    2.3864  0.0000 -0.2906  0.0000  0.0000 10.0000    0.0000   39.60000
 FREE  0.68000 -0.2448    2.1904  0.0000 -0.2448  0.0000  0.0000 10.0000    0.0000   39.60000
 FREE  0.70000 -0.2029    1.9944  0.0000 -0.2029  0.0000  0.0000 10.0000    0.0000   39.60000
 FREE  0.72000 -0.1650    1.7984  0.0000 -0.1650  0.0000  0.0000 10.0000    0.0000   39.60000
 FREE  0.74000 -0.1310    1.6024  0.0000 -0.1310  0.0000  0.0000 10.0000    0.0000   39.60000
 FREE  0.76000 -0.1009    1.4064  0.0000 -0.1009  0.0000  0.0000 10.0000    0.0000   39.60000
 FREE  0.78000 -0.0747    1.2104  0.0000 -0.0747  0.0000  0.0000 10.0000    0.0000   39.60000
 FREE  0.80000 -0.0525    1.0144  0.0000 -0.0525  0.0000  0.0000 10.0000    0.0000   39.60000
 FREE  0.82000 -0.0342    0.8184  0.0000 -0.0342  0.0000  0.0000 10.0000    0.0000   39.60000
 FREE  0.84000 -0.0198    0.6224  0.0000 -0.0198  0.0000  0.0000 10.0000    0.0000   39.60000
 FREE  0.86000 -0.0093    0.4264  0.0000 -0.0093  0.0000  0.0000 10.0000    0.0000   39.60000
 FREE  0.88000 -0.0027    0.2304  0.0000 -0.0027  0.0000  0.0000 10.0000    0.0000   39.60000
 FREE  0.90000 -0.0001    0.0344  0.0000 -0.0001  0.0000  0.0000 10.0000    0.0000   39.60000
 FREE  0.92000 -0.0013   -0.1616  0.0000 -0.0013  0.0000  0.0000 10.0000    0.0000   39.60000
 FREE  0.94000 -0.0065   -0.3576  0.0000 -0.0065  0.0000  0.0000 10.0000    0.0000   39.60000
 FREE  0.96000 -0.0156   -0.5536  0.0000 -0.0156  0.0000  0.0000 10.0000    0.0000   39.60000
 FREE  0.98000 -0.0287   -0.7496  0.0000 -0.0287  0.0000  0.0000 10.0000    0.0000   39.60000
 FREE  1.00000 -0.0456   -0.9456  0.0000 -0.0456  0.0000  0.0000 10.0000    0.0000   39.60000
 FREE  1.02000 -0.0665   -1.1416  0.0000 -0.0665  0.0000  0.0000 10.0000    0.0000   39.60000
 FREE  1.04000 -0.0913   -1.3376  0.0000 -0.0913  0.0000  0.0000 10.0000    0.0000   39.60000
 FREE  1.06000 -0.1200   -1.5336  0.0000 -0.1200  0.0000  0.0000 10.0000    0.0000   39.60000
 FREE  1.08000 -0.1526   -1.7296  0.0000 -0.1526  0.0000  0.0000 10.0000    0.0000   39.60000
 FREE  1.10000 -0.1892   -1.9256  0.0000 -0.1892  0.0000  0.0000 10.0000    0.0000   39.60000
 FREE  1.12000 -0.2297   -2.1216  0.0000 -0.2297  0.0000  0.0000 10.0000    0.0000   39.60000
 FREE  1.14000 -0.2740   -2.3176  0.0000 -0.2740  0.0000  0.0000 10.0000    0.0000   39.60000
 FREE  1.16000 -0.3224   -2.5136  0.0000 -0.3224  0.0000  0.0000 10.0000    0.0000   39.60000
 FREE  1.18000 -0.3746   -2.7096  0.0000 -0.3746  0.0000  0.0000 10.0000    0.0000   39.60000
 FREE  1.20000 -0.4307   -2.9056  0.0000 -0.4307  0.0000  0.0000 10.0000    0.0000   39.60000
 FREE  1.22000 -0.4908   -3.1016  0.0000 -0.4908  0.0000  0.0000 10.0000    0.0000   39.60000
 FREE  1.24000 -0.5548   -3.2976  0.0000 -0.5548  0.0000  0.0000 10.0000    0.0000   39.60000
 FREE  1.26000 -0.6227   -3.4936  0.0000 -0.6227  0.0000  0.0000 10.0000    0.0000   39.60000
 FREE  1.28000 -0.6946   -3.6896  0.0000 -0.6946  0.0000  0.0000 10.0000    0.0000   39.60000
 FREE  1.30000 -0.7703   -3.8856  0.0000 -0.7703  0.0000  0.0000 10.0000    0.0000   39.60000
 FREE  1.32000 -0.8500   -4.0816  0.0000 -0.8500  0.0000  0.0000 10.0000    0.0000   39.60000
 FREE  1.34000 -0.9336   -4.2776  0.0000 -0.9336  0.0000  0.0000 10.0000    0.0000   39.60000
*FREE  1.35526 -1.0000    4.4272  0.0000 -1.0000  0.0000  0.0000 10.0000    0.0000   39.60000
 FREE  1.36000 -0.9791    4.3808  0.0000 -0.9791  0.0000  0.0000 10.0000    0.0000   39.60000
 FREE  1.38000 -0.8935    4.1848  0.0000 -0.8935  0.0000  0.0000 10.0000    0.0000   39.60000
 FREE  1.40000 -0.8117    3.9888  0.0000 -0.8117  0.0000  0.0000 10.0000    0.0000   39.60000
 FREE  1.42000 -0.7339    3.7928  0.0000 -0.7339  0.0000  0.0000 10.0000    0.0000   39.60000
 FREE  1.44000 -0.6600    3.5968  0.0000 -0.6600  0.0000  0.0000 10.0000    0.0000   39.60000
 FREE  1.46000 -0.5901    3.4008  0.0000 -0.5901  0.0000  0.0000 10.0000    0.0000   39.60000
 FREE  1.48000 -0.5240    3.2048  0.0000 -0.5240  0.0000  0.0000 10.0000    0.0000   39.60000
 FREE  1.50000 -0.4619    3.0088  0.0000 -0.4619  0.0000  0.0000 10.0000    0.0000   39.60000
 FREE  1.52000 -0.4037    2.8128  0.0000 -0.4037  0.0000  0.0000 10.0000    0.0000   39.60000
 FREE  1.54000 -0.3494    2.6168  0.0000 -0.3494  0.0000  0.0000 10.0000    0.0000   39.60000
 FREE  1.56000 -0.2990    2.4208  0.0000 -0.2990  0.0000  0.0000 10.0000    0.0000   39.60000
 FREE  1.58000 -0.2525    2.2248  0.0000 -0.2525  0.0000  0.0000 10.0000    0.0000   39.60000
 FREE  1.60000 -0.2100    2.0288  0.0000 -0.2100  0.0000  0.0000 10.0000    0.0000   39.60000
 FREE  1.62000 -0.1714    1.8328  0.0000 -0.1714  0.0000  0.0000 10.0000    0.0000   39.60000
 FREE  1.64000 -0.1367    1.6368  0.0000 -0.1367  0.0000  0.0000 10.0000    0.0000   39.60000
 FREE  1.66000 -0.1059    1.4408  0.0000 -0.1059  0.0000  0.0000 10.0000    0.0000   39.60000
 FREE  1.68000 -0.0791    1.2448  0.0000 -0.0791  0.0000  0.0000 10.0000    0.0000   39.60000
 FREE  1.70000 -0.0561    1.0488  0.0000 -0.0561  0.0000  0.0000 10.0000    0.0000   39.60000
 FREE  1.72000 -0.0371    0.8528  0.0000 -0.0371  0.0000  0.0000 10.0000    0.0000   39.60000
 FREE  1.74000 -0.0220    0.6568  0.0000 -0.0220  0.0000  0.0000 10.0000    0.0000   39.60000
 FREE  1.76000 -0.0108    0.4608  0.0000 -0.0108  0.0000  0.0000 10.0000    0.0000   39.60000
 FREE  1.78000 -0.0036    0.2648  0.0000 -0.0036  0.0000  0.0000 10.0000    0.0000   39.60000
 FREE  1.80000 -0.0002    0.0688  0.0000 -0.0002  0.0000  0.0000 10.0000    0.0000   39.60000
 FREE  1.82000 -0.0008   -0.1272  0.0000 -0.0008  0.0000  0.0000 10.0000    0.0000   39.60000
 FREE  1.84000 -0.0053   -0.3232  0.0000 -0.0053  0.0000  0.0000 10.0000    0.0000   39.60000
 FREE  1.86000 -0.0138   -0.5192  0.0000 -0.0138  0.0000  0.0000 10.0000    0.0000   39.60000
 FREE  1.88000 -0.0261   -0.7152  0.0000 -0.0261  0.0000  0.0000 10.0000    0.0000   39.60000
 FREE  1.90000 -0.0424   -0.9112  0.0000 -0.0424  0.0000  0.0000 10.0000    0.0000   39.60000
 FREE  1.92000 -0.0626   -1.1072  0.0000 -0.0626  0.0000  0.0000 10.0000    0.0000   39.60000
 FREE  1.94000 -0.0867   -1.3032  0.0000 -0.0867  0.0000  0.0000 10.0000    0.0000   39.60000
 FREE  1.96000 -0.1147   -1.4992  0.0000 -0.1147  0.0000  0.0000 10.0000    0.0000   39.60000
 FREE  1.98000 -0.1466   -1.6952  0.0000 -0.1466  0.0000  0.0000 10.0000    0.0000   39.60000
 FREE  2.00000 -0.1825   -1.8912  0.0000 -0.1825  0.0000  0.0000 10.0000    0.0000   39.60000
 FREE  2.02000 -0.2223   -2.0872  0.0000 -0.2223  0.0000  0.0000 10.0000    0.0000   39.60000
 FREE  2.04000 -0.2660   -2.2832  0.0000 -0.2660  0.0000  0.0000 10.0000    0.0000   39.60000
 FREE  2.06000 -0.3136   -2.4792  0.0000 -0.3136  0.0000  0.0000 10.0000    0.0000   39.60000
 FREE  2.08000 -0.3651   -2.6752  0.0000 -0.3651  0.0000  0.0000 10.0000    0.0000   39.60000
 FREE  2.10000 -0.4206   -2.8712  0.0000 -0.4206  0.0000  0.0000 10.0000    0.0000   39.60000
 FREE  2.12000 -0.4800   -3.0672  0.0000 -0.4800  0.0000  0.0000 10.0000    0.0000   39.60000
 FREE  2.14000 -0.5433   -3.2632  0.0000 -0.5433  0.0000  0.0000 10.0000    0.0000   39.60000
 FREE  2.16000 -0.6105   -3.4592  0.0000 -0.6105  0.0000  0.0000 10.0000    0.0000   39.60000
 FREE  2.18000 -0.6817   -3.6552  0.0000 -0.6817  0.0000  0.0000 10.0000    0.0000   39.60000
 FREE  2.20000 -0.7567   -3.8512  0.0000 -0.7567  0.0000  0.0000 10.0000    0.0000   39.60000
 FREE  2.22000 -0.8357   -4.0472  0.0000 -0.8357  0.0000  0.0000 10.0000    0.0000   39.60000
 FREE  2.24000 -0.9186   -4.2432  0.0000 -0.9186  0.0000  0.0000 10.0000    0.0000   39.60000
*FREE  2.25877 -1.0000    4.4272  0.0000 -1.0000  0.0000  0.0000 10.0000    0.0000   39.60000
 FREE  2.26000 -0.9946    4.4151  0.0000 -0.9946  0.0000  0.0000 10.0000    0.0000   39.60000
 FREE  2.28000 -0.9082    4.2191  0.0000 -0.9082  0.0000  0.0000 10.0000    0.0000   39.60000
 FREE  2.30000 -0.8258    4.0231  0.0000 -0.8258  0.0000  0.0000 10.0000    0.0000   39.60000
 FREE  2.32000 -0.7473    3.8271  0.0000 -0.7473  0.0000  0.0000 10.0000    0.0000   39.60000
 FREE  2.34000 -0.6727    3.6311  0.0000 -0.6727  0.0000  0.0000 10.0000    0.0000   39.60000
 FREE  2.36000 -0.6020    3.4351  0.0000 -0.6020  0.0000  0.0000 10.0000    0.0000   39.60000
 FREE  2.38000 -0.5353    3.2391  0.0000 -0.5353  0.0000  0.0000 10.0000    0.0000   39.60000
 FREE  2.40000 -0.4725    3.0431  0.0000 -0.4725  0.0000  0.0000 10.0000    0.0000   39.60000
 FREE  2.42000 -0.4136    2.8471  0.0000 -0.4136  0.0000  0.0000 10.0000    0.0000   39.60000
 FREE  2.44000 -0.3586    2.6511  0.0000 -0.3586  0.0000  0.0000 10.0000    0.0000   39.60000
 FREE  2.46000 -0.3075    2.4551  0.0000 -0.3075  0.0000  0.0000 10.0000    0.0000   39.60000
 FREE  2.48000 -0.2604    2.2591  0.0000 -0.2604  0.0000  0.0000 10.0000    0.0000   39.60000
 FREE  2.50000 -0.2172    2.0631  0.0000 -0.2172  0.0000  0.0000 10.0000    0.0000   39.60000
 FREE  2.52000 -0.1779    1.8671  0.0000 -0.1779  0.0000  0.0000 10.0000    0.0000   39.60000
 FREE  2.54000 -0.1425    1.6711  0.0000 -0.1425  0.0000  0.0000 10.0000    0.0000   39.60000
 FREE  2.56000 -0.1110    1.4751  0.0000 -0.1110  0.0000  0.0000 10.0000    0.0000   39.60000
 FREE  2.58000 -0.0835    1.2791  0.0000 -0.0835  0.0000  0.0000 10.0000    0.0000   39.60000
 FREE  2.60000 -0.0599    1.0831  0.0000 -0.0599  0.0000  0.0000 10.0000    0.0000   39.60000
 FREE  2.62000 -0.0402    0.8871  0.0000 -0.0402  0.0000  0.0000 10.0000    0.0000   39.60000
 FREE  2.64000 -0.0244    0.6911  0.0000 -0.0244  0.0000  0.0000 10.0000    0.0000   39.60000
 FREE  2.66000 -0.0125    0.4951  0.0000 -0.0125  0.0000  0.0000 10.0000    0.0000   39.60000
 FREE  2.68000 -0.0046    0.2991  0.0000 -0.0046  0.0000  0.0000 10.0000    0.0000   39.60000
 FREE  2.70000 -0.0005    0.1031  0.0000 -0.0005  0.0000  0.0000 10.0000    0.0000   39.60000
 FREE  2.72000 -0.0004   -0.0929  0.0000 -0.0004  0.0000  0.0000 10.0000    0.0000   39.60000
 FREE  2.74000 -0.0043   -0.2889  0.0000 -0.0043  0.0000  0.0000 10.0000    0.0000   39.60000
 FREE  2.76000 -0.0120   -0.4849  0.0000 -0.0120  0.0000  0.0000 10.0000    0.0000   39.60000
 FREE  2.78000 -0.0237   -0.6809  0.0000 -0.0237  0.0000  0.0000 10.0000    0.0000   39.60000
 FREE  2.80000 -0.0392   -0.8769  0.0000 -0.0392  0.0000  0.0000 10.0000    0.0000   39.60000
 FREE  2.82000 -0.0587   -1.0729  0.0000 -0.0587  0.0000  0.0000 10.0000    0.0000   39.60000
 FREE  2.84000 -0.0821   -1.2689  0.0000 -0.0821  0.0000  0.0000 10.0000    0.0000   39.60000
 FREE  2.86000 -0.1095   -1.4649  0.0000 -0.1095  0.0000  0.0000 10.0000    0.0000   39.60000
 FREE  2.88000 -0.1407   -1.6609  0.0000 -0.1407  0.0000  0.0000 10.0000    0.0000   39.60000
 FREE  2.90000 -0.1759   -1.8569  0.0000 -0.1759  0.0000  0.0000 10.0000    0.0000   39.60000
 FREE  2.92000 -0.2150   -2.0529  0.0000 -0.2150  0.0000  0.0000 10.0000    0.0000   39.60000
 FREE  2.94000 -0.2580   -2.2489  0.0000 -0.2580  0.0000  0.0000 10.0000    0.0000   39.60000
 FREE  2.96000 -0.3050   -2.4449  0.0000 -0.3050  0.0000  0.0000 10.0000    0.0000   39.60000
 FREE  2.98000 -0.3558   -2.6409  0.0000 -0.3558  0.0000  0.0000 10.0000    0.0000   39.60000
 FREE  3.00000 -0.4106   -2.8369  0.0000 -0.4106  0.0000  0.0000 10.0000    0.0000   39.60000
 FREE  3.02000 -0.4693   -3.0329  0.0000 -0.4693  0.0000  0.0000 10.0000    0.0000   39.60000
 FREE  3.04000 -0.5319   -3.2289  0.0000 -0.5319  0.0000  0.0000 10.0000    0.0000   39.60000
 FREE  3.06000 -0.5985   -3.4249  0.0000 -0.5985  0.0000  0.0000 10.0000    0.0000   39.60000
 FREE  3.08000 -0.6689   -3.6209  0.0000 -0.6689  0.0000  0.0000 10.0000    0.0000   39.60000
 FREE  3.10000 -0.7433   -3.8169  0.0000 -0.7433  0.0000  0.0000 10.0000    0.0000   39.60000
 FREE  3.12000 -0.8216   -4.0129  0.0000 -0.8216  0.0000  0.0000 10.0000    0.0000   39.60000
 FREE  3.14000 -0.9038   -4.2089  0.0000 -0.9038  0.0000  0.0000 10.0000    0.0000   39.60000
 FREE  3.16000 -0.9899   -4.4049  0.0000 -0.9899  0.0000  0.0000 10.0000    0.0000   39.60000
*FREE  3.16228 -1.0000    4.4272  0.0000 -1.0000  0.0000  0.0000 10.0000    0.0000   39.60000
 FREE  3.18000 -0.9231    4.2535  0.0000 -0.9231  0.0000  0.0000 10.0000    0.0000   39.60000
 FREE  3.20000 -0.8400    4.0575  0.0000 -0.8400  0.0000  0.0000 10.0000    0.0000   39.60000
 FREE  3.22000 -0.7608    3.8615  0.0000 -0.7608  0.0000  0.0000 10.0000    0.0000   39.60000
 FREE  3.24000 -0.6855    3.6655  0.0000 -0.6855  0.0000  0.0000 10.0000    0.0000   39.60000
 FREE  3.26000 -0.6142    3.4695  0.0000 -0.6142  0.0000  0.0000 10.0000    0.0000   39.60000
 FREE  3.28000 -0.5467    3.2735  0.0000 -0.5467  0.0000  0.0000 10.0000    0.0000   39.60000
 FREE  3.30000 -0.4832    3.0775  0.0000 -0.4832  0.0000  0.0000 10.0000    0.0000   39.60000
 FREE  3.32000 -0.4236    2.8815  0.0000 -0.4236  0.0000  0.0000 10.0000    0.0000   39.60000
 FREE  3.34000 -0.3680    2.6855  0.0000 -0.3680  0.0000  0.0000 10.0000    0.0000   39.60000
 FREE  3.36000 -0.3162    2.4895  0.0000 -0.3162  0.0000  0.0000 10.0000    0.0000   39.60000
 FREE  3.38000 -0.2684    2.2935  0.0000 -0.2684  0.0000  0.0000 10.0000    0.0000   39.60000
 FREE  3.40000 -0.2245    2.0975  0.0000 -0.2245  0.0000  0.0000 10.0000    0.0000   39.60000
 FREE  3.42000 -0.1845    1.9015  0.0000 -0.1845  0.0000  0.0000 10.0000    0.0000   39.60000
 FREE  3.44000 -0.1484    1.7055  0.0000 -0.1484  0.0000  0.0000 10.0000    0.0000   39.60000
 FREE  3.46000 -0.1163    1.5095  0.0000 -0.1163  0.0000  0.0000 10.0000    0.0000   39.60000
 FREE  3.48000 -0.0880    1.3135  0.0000 -0.0880  0.0000  0.0000 10.0000    0.0000   39.60000
 FREE  3.50000 -0.0637    1.1175  0.0000 -0.0637  0.0000  0.0000 10.0000    0.0000   39.60000
 FREE  3.52000 -0.0433    0.9215  0.0000 -0.0433  0.0000  0.0000 10.0000    0.0000   39.60000
 FREE  3.54000 -0.0269    0.7255  0.0000 -0.0269  0.0000  0.0000 10.0000    0.0000   39.60000
 FREE  3.56000 -0.0143    0.5295  0.0000 -0.0143  0.0000  0.0000 10.0000    0.0000   39.60000
 FREE  3.58000 -0.0057    0.3335  0.0000 -0.0057  0.0000  0.0000 10.0000    0.0000   39.60000
 FREE  3.60000 -0.0010    0.1375  0.0000 -0.0010  0.0000  0.0000 10.0000    0.0000   39.60000
 FREE  3.62000 -0.0002   -0.0585  0.0000 -0.0002  0.0000  0.0000 10.0000    0.0000   39.60000
 FREE  3.64000 -0.0033   -0.2545  0.0000 -0.0033  0.0000  0.0000 10.0000    0.0000   39.60000
 FREE  3.66000 -0.0104   -0.4505  0.0000 -0.0104  0.0000  0.0000 10.0000    0.0000   39.60000
 FREE  3.68000 -0.0213   -0.6465  0.0000 -0.0213  0.0000  0.0000 10.0000    0.0000   39.60000
 FREE  3.70000 -0.0362   -0.8425  0.0000 -0.0362  0.0000  0.0000 10.0000    0.0000   39.60000
 FREE  3.72000 -0.0550   -1.0385  0.0000 -0.0550  0.0000  0.0000 10.0000    0.0000   39.60000
 FREE  3.74000 -0.0778   -1.2345  0.0000 -0.0778  0.0000  0.0000 10.0000    0.0000   39.60000
 FREE  3.76000 -0.1044   -1.4305  0.0000 -0.1044  0.0000  0.0000 10.0000    0.0000   39.60000
 FREE  3.78000 -0.1350   -1.6265  0.0000 -0.1350  0.0000  0.0000 10.0000    0.0000   39.60000
 FREE  3.80000 -0.1695   -1.8225  0.0000 -0.1695  0.0000  0.0000 10.0000    0.0000   39.60000
 FREE  3.82000 -0.2079   -2.0185  0.0000 -0.2079  0.0000  0.0000 10.0000    0.0000   39.60000
 FREE  3.84000 -0.2502   -2.2145  0.0000 -0.2502  0.0000  0.0000 10.0000    0.0000   39.60000
 FREE  3.86000 -0.2965   -2.4105  0.0000 -0.2965  0.0000  0.0000 10.0000    0.0000   39.60000
 FREE  3.88000 -0.3466   -2.6065  0.0000 -0.3466  0.0000  0.0000 10.0000    0.0000   39.60000
 FREE  3.90000 -0.4007   -2.8025  0.0000 -0.4007  0.0000  0.0000 10.0000    0.0000   39.60000
 FREE  3.92000 -0.4587   -2.9985  0.0000 -0.4587  0.0000  0.0000 10.0000    0.0000   39.60000
 FREE  3.94000 -0.5207   -3.1945  0.0000 -0.5207  0.0000  0.0000 10.0000    0.0000   39.60000
 FREE  3.96000 -0.5865   -3.3905  0.0000 -0.5865  0.0000  0.0000 10.0000    0.0000   39.60000
 FREE  3.98000 -0.6563   -3.5865  0.0000 -0.6563  0.0000  0.0000 10.0000    0.0000   39.60000
 FREE  4.00000 -0.7300   -3.7825  0.0000 -0.7300  0.0000  0.0000 10.0000    0.0000   39.60000
 FREE  4.02000 -0.8076   -3.9785  0.0000 -0.8076  0.0000  0.0000 10.0000    0.0000   39.60000
 FREE  4.04000 -0.8891   -4.1745  0.0000 -0.8891  0.0000  0.0000 10.0000    0.0000   39.60000
 FREE  4.06000 -0.9746   -4.3705  0.0000 -0.9746  0.0000  0.0000 10.0000    0.0000   39.60000
*FREE  4.06579 -1.0000    4.4272  0.0000 -1.0000  0.0000  0.0000 10.0000    0.0000   39.60000
 FREE  4.08000 -0.9381    4.2879  0.0000 -0.9381  0.0000  0.0000 10.0000    0.0000   39.60000
 FREE  4.10000 -0.8543    4.0919  0.0000 -0.8543  0.0000  0.0000 10.0000    0.0000   39.60000
 FREE  4.12000 -0.7744    3.8959  0.0000 -0.7744  0.0000  0.0000 10.0000    0.0000   39.60000
 FREE  4.14000 -0.6984    3.6999  0.0000 -0.6984  0.0000  0.0000 10.0000    0.0000   39.60000
 FREE  4.16000 -0.6264    3.5039  0.0000 -0.6264  0.0000  0.0000 10.0000    0.0000   39.60000
 FREE  4.18000 -0.5583    3.3079  0.0000 -0.5583  0.0000  0.0000 10.0000    0.0000   39.60000
 FREE  4.20000 -0.4941    3.1119  0.0000 -0.4941  0.0000  0.0000 10.0000    0.0000   39.60000
 FREE  4.22000 -0.4338    2.9159  0.0000 -0.4338  0.0000  0.0000 10.0000    0.0000   39.60000
 FREE  4.24000 -0.3774    2.7199  0.0000 -0.3774  0.0000  0.0000 10.0000    0.0000   39.60000
 FREE  4.26000 -0.3250    2.5239  0.0000 -0.3250  0.0000  0.0000 10.0000    0.0000   39.60000
 FREE  4.28000 -0.2765    2.3279  0.0000 -0.2765  0.0000  0.0000 10.0000    0.0000   39.60000
 FREE  4.30000 -0.2319    2.1319  0.0000 -0.2319  0.0000  0.0000 10.0000    0.0000   39.60000
 FREE  4.32000 -0.1912    1.9359  0.0000 -0.1912  0.0000  0.0000 10.0000    0.0000   39.60000
 FREE  4.34000 -0.1544    1.7399  0.0000 -0.1544  0.0000  0.0000 10.0000    0.0000   39.60000
 FREE  4.36000 -0.1216    1.5439  0.0000 -0.1216  0.0000  0.0000 10.0000    0.0000   39.60000
 FREE  4.38000 -0.0927    1.3479  0.0000 -0.0927  0.0000  0.0000 10.0000    0.0000   39.60000
 FREE  4.40000 -0.0677    1.1519  0.0000 -0.0677  0.0000  0.0000 10.0000    0.0000   39.60000
 FREE  4.42000 -0.0466    0.9559  0.0000 -0.0466  0.0000  0.0000 10.0000    0.0000   39.60000
 FREE  4.44000 -0.0295    0.7599  0.0000 -0.0295  0.0000  0.0000 10.0000    0.0000   39.60000
 FREE  4.46000 -0.0162    0.5639  0.0000 -0.0162  0.0000  0.0000 10.0000    0.0000   39.60000
 FREE  4.48000 -0.0069    0.3679  0.0000 -0.0069  0.0000  0.0000 10.0000    0.0000   39.60000
 FREE  4.50000 -0.0015    0.1719  0.0000 -0.0015  0.0000  0.0000 10.0000    0.0000   39.60000
 FREE  4.52000 -0.0000   -0.0241  0.0000 -0.0000  0.0000  0.0000 10.0000    0.0000   39.60000
 FREE  4.54000 -0.0025   -0.2201  0.0000 -0.0025  0.0000  0.0000 10.0000    0.0000   39.60000
 FREE  4.56000 -0.0088   -0.4161  0.0000 -0.0088  0.0000  0.0000 10.0000    0.0000   39.60000
 FREE  4.58000 -0.0191   -0.6121  0.0000 -0.0191  0.0000  0.0000 10.0000    0.0000   39.60000
 FREE  4.60000 -0.0333   -0.8081  0.0000 -0.0333  0.0000  0.0000 10.0000    0.0000   39.60000
 FREE  4.62000 -0.0514   -1.0041  0.0000 -0.0514  0.0000  0.0000 10.0000    0.0000   39.60000
 FREE  4.64000 -0.0735   -1.2001  0.0000 -0.0735  0.0000  0.0000 10.0000    0.0000   39.60000
 FREE  4.66000 -0.0994   -1.3961  0.0000 -0.0994  0.0000  0.0000 10.0000    0.0000   39.60000
 FREE  4.68000 -0.1293   -1.5921  0.0000 -0.1293  0.0000  0.0000 10.0000    0.0000   39.60000
 FREE  4.70000 -0.1631   -1.7881  0.0000 -0.1631  0.0000  0.0000 10.0000    0.0000   39.60000
 FREE  4.72000 -0.2009   -1.9841  0.0000 -0.2009  0.0000  0.0000 10.0000    0.0000   39.60000
 FREE  4.74000 -0.2425   -2.1801  0.0000 -0.2425  0.0000  0.0000 10.0000    0.0000   39.60000
 FREE  4.76000 -0.2881   -2.3761  0.0000 -0.2881  0.0000  0.0000 10.0000    0.0000   39.60000
 FREE  4.78000 -0.3375   -2.5721  0.0000 -0.3375  0.0000  0.0000 10.0000    0.0000   39.60000
 FREE  4.80000 -0.3909   -2.7681  0.0000 -0.3909  0.0000  0.0000 10.0000    0.0000   39.60000
 FREE  4.82000 -0.4483   -2.9641  0.0000 -0.4483  0.0000  0.0000 10.0000    0.0000   39.60000
 FREE  4.84000 -0.5095   -3.1601  0.0000 -0.5095  0.0000  0.0000 10.0000    0.0000   39.60000
 FREE  4.86000 -0.5747   -3.3561  0.0000 -0.5747  0.0000  0.0000 10.0000    0.0000   39.60000
 FREE  4.88000 -0.6438   -3.5521  0.0000 -0.6438  0.0000  0.0000 10.0000    0.0000   39.60000
 FREE  4.90000 -0.7168   -3.7481  0.0000 -0.7168  0.0000  0.0000 10.0000    0.0000   39.60000
 FREE  4.92000 -0.7937   -3.9441  0.0000 -0.7937  0.0000  0.0000 10.0000    0.0000   39.60000
 FREE  4.94000 -0.8745   -4.1401  0.0000 -0.8745  0.0000  0.0000 10.0000    0.0000   39.60000
 FREE  4.96000 -0.9593   -4.3361  0.0000 -0.9593  0.0000  0.0000 10.0000    0.0000   39.60000
*FREE  4.96929 -1.0000    4.4272  0.0000 -1.0000  0.0000  0.0000 10.0000    0.0000   39.60000
 FREE  4.98000 -0.9532    4.3223  0.0000 -0.9532  0.0000  0.0000 10.0000    0.0000   39.60000
 FREE  5.00000 -0.8687    4.1263  0.0000 -0.8687  0.0000  0.0000 10.0000    0.0000   39.60000
 FREE  5.02000 -0.7881    3.9303  0.0000 -0.7881  0.0000  0.0000 10.0000    0.0000   39.60000
 FREE  5.04000 -0.7115    3.7343  0.0000 -0.7115  0.0000  0.0000 10.0000    0.0000   39.60000
 FREE  5.06000 -0.6387    3.5383  0.0000 -0.6387  0.0000  0.0000 10.0000    0.0000   39.60000
 FREE  5.08000 -0.5699    3.3423  0.0000 -0.5699  0.0000  0.0000 10.0000    0.0000   39.60000
 FREE  5.10000 -0.5051    3.1463  0.0000 -0.5051  0.0000  0.0000 10.0000    0.0000   39.60000
 FREE  5.12000 -0.4441    2.9503  0.0000 -0.4441  0.0000  0.0000 10.0000    0.0000   39.60000
 FREE  5.14000 -0.3870    2.7543  0.0000 -0.3870  0.0000  0.0000 10.0000    0.0000   39.60000
 FREE  5.16000 -0.3339    2.5583  0.0000 -0.3339  0.0000  0.0000 10.0000    0.0000   39.60000
 FREE  5.18000 -0.2847    2.3623  0.0000 -0.2847  0.0000  0.0000 10.0000    0.0000   39.60000
 FREE  5.20000 -0.2394    2.1663  0.0000 -0.2394  0.0000  0.0000 10.0000    0.0000   39.60000
 FREE  5.22000 -0.1981    1.9703  0.0000 -0.1981  0.0000  0.0000 10.0000    0.0000   39.60000
 FREE  5.24000 -0.1606    1.7743  0.0000 -0.1606  0.0000  0.0000 10.0000    0.0000   39.60000
 FREE  5.26000 -0.1271    1.5783  0.0000 -0.1271  0.0000  0.0000 10.0000    0.0000   39.60000
 FREE  5.28000 -0.0975    1.3823  0.0000 -0.0975  0.0000  0.0000 10.0000    0.0000   39.60000
 FREE  5.30000 -0.0718    1.1863  0.0000 -0.0718  0.0000  0.0000 10.0000    0.0000   39.60000
 FREE  5.32000 -0.0500    0.9903  0.0000 -0.0500  0.0000  0.0000 10.0000    0.0000   39.60000
 FREE  5.34000 -0.0322    0.7943  0.0000 -0.0322  0.0000  0.0000 10.0000    0.0000   39.60000
 FREE  5.36000 -0.0183    0.5983  0.0000 -0.0183  0.0000  0.0000 10.0000    0.0000   39.60000
 FREE  5.38000 -0.0083    0.4023  0.0000 -0.0083  0.0000  0.0000 10.0000    0.0000   39.60000
 FREE  5.40000 -0.0022    0.2063  0.0000 -0.0022  0.0000  0.0000 10.0000    0.0000   39.60000
 FREE  5.42000 -0.0000    0.0103  0.0000 -0.0000  0.0000  0.0000 10.0000    0.0000   39.60000
 FREE  5.44000 -0.0018   -0.1857  0.0000 -0.0018  0.0000  0.0000 10.0000    0.0000   39.60000
 FREE  5.46000 -0.0074   -0.3817  0.0000 -0.0074  0.0000  0.0000 10.0000    0.0000   39.60000
 FREE  5.48000 -0.0170   -0.5777  0.0000 -0.0170  0.0000  0.0000 10.0000    0.0000   39.60000
 FREE  5.50000 -0.0305   -0.7737  0.0000 -0.0305  0.0000  0.0000 10.0000    0.0000   39.60000
 FREE  5.52000 -0.0480   -0.9697  0.0000 -0.0480  0.0000  0.0000 10.0000    0.0000   39.60000
 FREE  5.54000 -0.0693   -1.1657  0.0000 -0.0693  0.0000  0.0000 10.0000    0.0000   39.60000
 FREE  5.56000 -0.0946   -1.3617  0.0000 -0.0946  0.0000  0.0000 10.0000    0.0000   39.60000
 FREE  5.58000 -0.1238   -1.5577  0.0000 -0.1238  0.0000  0.0000 10.0000    0.0000   39.60000
 FREE  5.60000 -0.1569   -1.7537  0.0000 -0.1569  0.0000  0.0000 10.0000    0.0000   39.60000
 FREE  5.62000 -0.1940   -1.9497  0.0000 -0.1940  0.0000  0.0000 10.0000    0.0000   39.60000
 FREE  5.64000 -0.2349   -2.1457  0.0000 -0.2349  0.0000  0.0000 10.0000    0.0000   39.60000
 FREE  5.66000 -0.2798   -2.3417  0.0000 -0.2798  0.0000  0.0000 10.0000    0.0000   39.60000
 FREE  5.68000 -0.3286   -2.5377  0.0000 -0.3286  0.0000  0.0000 10.0000    0.0000   39.60000
 FREE  5.70000 -0.3813   -2.7337  0.0000 -0.3813  0.0000  0.0000 10.0000    0.0000   39.60000
 FREE  5.72000 -0.4379   -2.9297  0.0000 -0.4379  0.0000  0.0000 10.0000    0.0000   39.60000
 FREE  5.74000 -0.4985   -3.1257  0.0000 -0.4985  0.0000  0.0000 10.0000    0.0000   39.60000
 FREE  5.76000 -0.5630   -3.3217  0.0000 -0.5630  0.0000  0.0000 10.0000    0.0000   39.60000
 FREE  5.78000 -0.6314   -3.5177  0.0000 -0.6314  0.0000  0.0000 10.0000    0.0000   39.60000
 FREE  5.80000 -0.7037   -3.7137  0.0000 -0.7037  0.0000  0.0000 10.0000    0.0000   39.60000
 FREE  5.82000 -0.7799   -3.9097  0.0000 -0.7799  0.0000  0.0000 10.0000    0.0000   39.60000
 FREE  5.84000 -0.8601   -4.1057  0.0000 -0.8601  0.0000  0.0000 10.0000    0.0000   39.60000
 FREE  5.86000 -0.9441   -4.3017  0.0000 -0.9441  0.0000  0.0000 10.0000    0.0000   39.60000
*FREE  5.87280 -1.0000    4.4272  0.0000 -1.0000  0.0000  0.0000 10.0000    0.0000   39.60000
 FREE  5.88000 -0.9684    4.3566  0.0000 -0.9684  0.0000  0.0000 10.0000    0.0000   39.60000
 FREE  5.90000 -0.8832    4.1606  0.0000 -0.8832  0.0000  0.0000 10.0000    0.0000   39.60000
 FREE  5.92000 -0.8020    3.9646  0.0000 -0.8020  0.0000  0.0000 10.0000    0.0000   39.60000
 FREE  5.94000 -0.7246    3.7686  0.0000 -0.7246  0.0000  0.0000 10.0000    0.0000   39.60000
 FREE  5.96000 -0.6512    3.5726  0.0000 -0.6512  0.0000  0.0000 10.0000    0.0000   39.60000
 FREE  5.98000 -0.5817    3.3766  0.0000 -0.5817  0.0000  0.0000 10.0000    0.0000   39.60000
 FREE  6.00000 -0.5161    3.1806  0.0000 -0.5161  0.0000  0.0000 10.0000    0.0000   39.60000
 FREE  6.02000 -0.4545    2.9846  0.0000 -0.4545  0.0000  0.0000 10.0000    0.0000   39.60000
 FREE  6.04000 -0.3968    2.7886  0.0000 -0.3968  0.0000  0.0000 10.0000    0.0000   39.60000
 FREE  6.06000 -0.3429    2.5926  0.0000 -0.3429  0.0000  0.0000 10.0000    0.0000   39.60000
 FREE  6.08000 -0.2931    2.3966  0.0000 -0.2931  0.0000  0.0000 10.0000    0.0000   39.60000
 FREE  6.10000 -0.2471    2.2006  0.0000 -0.2471  0.0000  0.0000 10.0000    0.0000   39.60000
 FREE  6.12000 -0.2050    2.0046  0.0000 -0.2050  0.0000  0.0000 10.0000    0.0000   39.60000
 FREE  6.14000 -0.1669    1.8086  0.0000 -0.1669  0.0000  0.0000 10.0000    0.0000   39.60000
 FREE  6.16000 -0.1327    1.6126  0.0000 -0.1327  0.0000  0.0000 10.0000    0.0000   39.60000
 FREE  6.18000 -0.1024    1.4166  0.0000 -0.1024  0.0000  0.0000 10.0000    0.0000   39.60000
 FREE  6.20000 -0.0760    1.2206  0.0000 -0.0760  0.0000  0.0000 10.0000    0.0000   39.60000
 FREE  6.22000 -0.0536    1.0246  0.0000 -0.0536  0.0000  0.0000 10.0000    0.0000   39.60000
 FREE  6.24000 -0.0350    0.8286  0.0000 -0.0350  0.0000  0.0000 10.0000    0.0000   39.60000
 FREE  6.26000 -0.0204    0.6326  0.0000 -0.0204  0.0000  0.0000 10.0000    0.0000   39.60000
 FREE  6.28000 -0.0097    0.4366  0.0000 -0.0097  0.0000  0.0000 10.0000    0.0000   39.60000
 FREE  6.30000 -0.0030    0.2406  0.0000 -0.0030  0.0000  0.0000 10.0000    0.0000   39.60000
 FREE  6.32000 -0.0001    0.0446  0.0000 -0.0001  0.0000  0.0000 10.0000    0.0000   39.60000
 FREE  6.34000 -0.0012   -0.1514  0.0000 -0.0012  0.0000  0.0000 10.0000    0.0000   39.60000
 FREE  6.36000 -0.0062   -0.3474  0.0000 -0.0062  0.0000  0.0000 10.0000    0.0000   39.60000
 FREE  6.38000 -0.0151   -0.5434  0.0000 -0.0151  0.0000  0.0000 10.0000    0.0000   39.60000
 FREE  6.40000 -0.0279   -0.7394  0.0000 -0.0279  0.0000  0.0000 10.0000    0.0000   39.60000
 FREE  6.42000 -0.0446   -0.9354  0.0000 -0.0446  0.0000  0.0000 10.0000    0.0000   39.60000
 FREE  6.44000 -0.0653   -1.1314  0.0000 -0.0653  0.0000  0.0000 10.0000    0.0000   39.60000
 FREE  6.46000 -0.0899   -1.3274  0.0000 -0.0899  0.0000  0.0000 10.0000    0.0000   39.60000
 FREE  6.48000 -0.1184   -1.5234  0.0000 -0.1184  0.0000  0.0000 10.0000    0.0000   39.60000
 FREE  6.50000 -0.1508   -1.7194  0.0000 -0.1508  0.0000  0.0000 10.0000    0.0000   39.60000
 FREE  6.52000 -0.1872   -1.9154  0.0000 -0.1872  0.0000  0.0000 10.0000    0.0000   39.60000
 FREE  6.54000 -0.2274   -2.1114  0.0000 -0.2274  0.0000  0.0000 10.0000    0.0000   39.60000
 FREE  6.56000 -0.2716   -2.3074  0.0000 -0.2716  0.0000  0.0000 10.0000    0.0000   39.60000
 FREE  6.58000 -0.3197   -2.5034  0.0000 -0.3197  0.0000  0.0000 10.0000    0.0000   39.60000
 FREE  6.60000 -0.3718   -2.6994  0.0000 -0.3718  0.0000  0.0000 10.0000    0.0000   39.60000
 FREE  6.62000 -0.4277   -2.8954  0.0000 -0.4277  0.0000  0.0000 10.0000    0.0000   39.60000
 FREE  6.64000 -0.4876   -3.0914  0.0000 -0.4876  0.0000  0.0000 10.0000    0.0000   39.60000
 FREE  6.66000 -0.5514   -3.2874  0.0000 -0.5514  0.0000  0.0000 10.0000    0.0000   39.60000
 FREE  6.68000 -0.6191   -3.4834  0.0000 -0.6191  0.0000  0.0000 10.0000    0.0000   39.60000
 FREE  6.70000 -0.6907   -3.6794  0.0000 -0.6907  0.0000  0.0000 10.0000    0.0000   39.60000
 FREE  6.72000 -0.7662   -3.8754  0.0000 -0.7662  0.0000  0.0000 10.0000    0.0000   39.60000
 FREE  6.74000 -0.8457   -4.0714  0.0000 -0.8457  0.0000  0.0000 10.0000    0.0000   39.60000
 FREE  6.76000 -0.9291   -4.2674  0.0000 -0.9291  0.0000  0.0000 10.0000    0.0000   39.60000
*FREE  6.77631 -1.0000    4.4272  0.0000 -1.0000  0.0000  0.0000 10.0000    0.0000   39.60000
 FREE  6.78000 -0.9837    4.3910  0.0000 -0.9837  0.0000  0.0000 10.0000    0.0000   39.60000
 FREE  6.80000 -0.8979    4.1950  0.0000 -0.8979  0.0000  0.0000 10.0000    0.0000   39.60000
 FREE  6.82000 -0.8159    3.9990  0.0000 -0.8159  0.0000  0.0000 10.0000    0.0000   39.60000
 FREE  6.84000 -0.7379    3.8030  0.0000 -0.7379  0.0000  0.0000 10.0000    0.0000   39.60000
 FREE  6.86000 -0.6638    3.6070  0.0000 -0.6638  0.0000  0.0000 10.0000    0.0000   39.60000
 FREE  6.88000 -0.5936    3.4110  0.0000 -0.5936  0.0000  0.0000 10.0000    0.0000   39.60000
 FREE  6.90000 -0.5274    3.2150  0.0000 -0.5274  0.0000  0.0000 10.0000    0.0000   39.60000
 FREE  6.92000 -0.4650    3.0190  0.0000 -0.4650  0.0000  0.0000 10.0000    0.0000   39.60000
 FREE  6.94000 -0.4066    2.8230  0.0000 -0.4066  0.0000  0.0000 10.0000    0.0000   39.60000
 FREE  6.96000 -0.3521    2.6270  0.0000 -0.3521  0.0000  0.0000 10.0000    0.0000   39.60000
 FREE  6.98000 -0.3015    2.4310  0.0000 -0.3015  0.0000  0.0000 10.0000    0.0000   39.60000
 FREE  7.00000 -0.2549    2.2350  0.0000 -0.2549  0.0000  0.0000 10.0000    0.0000   39.60000
 FREE  7.02000 -0.2121    2.0390  0.0000 -0.2121  0.0000  0.0000 10.0000    0.0000   39.60000
 FREE  7.04000 -0.1733    1.8430  0.0000 -0.1733  0.0000  0.0000 10.0000    0.0000   39.60000
 FREE  7.06000 -0.1384    1.6470  0.0000 -0.1384  0.0000  0.0000 10.0000    0.0000   39.60000
 FREE  7.08000 -0.1074    1.4510  0.0000 -0.1074  0.0000  0.0000 10.0000    0.0000   39.60000
 FREE  7.10000 -0.0804    1.2550  0.0000 -0.0804  0.0000  0.0000 10.0000    0.0000   39.60000
 FREE  7.12000 -0.0572    1.0590  0.0000 -0.0572  0.0000  0.0000 10.0000    0.0000   39.60000
 FREE  7.14000 -0.0380    0.8630  0.0000 -0.0380  0.0000  0.0000 10.0000    0.0000   39.60000
 FREE  7.16000 -0.0227    0.6670  0.0000 -0.0227  0.0000  0.0000 10.0000    0.0000   39.60000
 FREE  7.18000 -0.0113    0.4710  0.0000 -0.0113  0.0000  0.0000 10.0000    0.0000   39.60000
 FREE  7.20000 -0.0039    0.2750  0.0000 -0.0039  0.0000  0.0000 10.0000    0.0000   39.60000
 FREE  7.22000 -0.0003    0.0790  0.0000 -0.0003  0.0000  0.0000 10.0000    0.0000   39.60000
 FREE  7.24000 -0.0007   -0.1170  0.0000 -0.0007  0.0000  0.0000 10.0000    0.0000   39.60000
 FREE  7.26000 -0.0050   -0.3130  0.0000 -0.0050  0.0000  0.0000 10.0000    0.0000   39.60000
 FREE  7.28000 -0.0132   -0.5090  0.0000 -0.0132  0.0000  0.0000 10.0000    0.0000   39.60000
 FREE  7.30000 -0.0254   -0.7050  0.0000 -0.0254  0.0000  0.0000 10.0000    0.0000   39.60000
 FREE  7.32000 -0.0414   -0.9010  0.0000 -0.0414  0.0000  0.0000 10.0000    0.0000   39.60000
 FREE  7.34000 -0.0614   -1.0970  0.0000 -0.0614  0.0000  0.0000 10.0000    0.0000   39.60000
 FREE  7.36000 -0.0853   -1.2930  0.0000 -0.0853  0.0000  0.0000 10.0000    0.0000   39.60000
 FREE  7.38000 -0.1131   -1.4890  0.0000 -0.1131  0.0000  0.0000 10.0000    0.0000   39.60000
 FREE  7.40000 -0.1449   -1.6850  0.0000 -0.1449  0.0000  0.0000 10.0000    0.0000   39.60000
 FREE  7.42000 -0.1805   -1.8810  0.0000 -0.1805  0.0000  0.0000 10.0000    0.0000   39.60000
 FREE  7.44000 -0.2201   -2.0770  0.0000 -0.2201  0.0000  0.0000 10.0000    0.0000   39.60000
 FREE  7.46000 -0.2636   -2.2730  0.0000 -0.2636  0.0000  0.0000 10.0000    0.0000   39.60000
 FREE  7.48000 -0.3110   -2.4690  0.0000 -0.3110  0.0000  0.0000 10.0000    0.0000   39.60000
 FREE  7.50000 -0.3624   -2.6650  0.0000 -0.3624  0.0000  0.0000 10.0000    0.0000   39.60000
 FREE  7.52000 -0.4176   -2.8610  0.0000 -0.4176  0.0000  0.0000 10.0000    0.0000   39.60000
 FREE  7.54000 -0.4768   -3.0570  0.0000 -0.4768  0.0000  0.0000 10.0000    0.0000   39.60000
 FREE  7.56000 -0.5399   -3.2530  0.0000 -0.5399  0.0000  0.0000 10.0000    0.0000   39.60000
 FREE  7.58000 -0.6069   -3.4490  0.0000 -0.6069  0.0000  0.0000 10.0000    0.0000   39.60000
 FREE  7.60000 -0.6779   -3.6450  0.0000 -0.6779  0.0000  0.0000 10.0000    0.0000   39.60000
 FREE  7.62000 -0.7527   -3.8410  0.0000 -0.7527  0.0000  0.0000 10.0000    0.0000   39.60000
 FREE  7.64000 -0.8315   -4.0370  0.0000 -0.8315  0.0000  0.0000 10.0000    0.0000   39.60000
 FREE  7.66000 -0.9142   -4.2330  0.0000 -0.9142  0.0000  0.0000 10.0000    0.0000   39.60000
*FREE  7.67982 -1.0000    4.4272  0.0000 -1.0000  0.0000  0.0000 10.0000    0.0000   39.60000
 FREE  7.68000 -0.9992    4.4254  0.0000 -0.9992  0.0000  0.0000 10.0000    0.0000   39.60000
 FREE  7.70000 -0.9126    4.2294  0.0000 -0.9126  0.0000  0.0000 10.0000    0.0000   39.60000
 FREE  7.72000 -0.8300    4.0334  0.0000 -0.8300  0.0000  0.0000 10.0000    0.0000   39.60000
 FREE  7.74000 -0.7513    3.8374  0.0000 -0.7513  0.0000  0.0000 10.0000    0.0000   39.60000
 FREE  7.76000 -0.6765    3.6414  0.0000 -0.6765  0.0000  0.0000 10.0000    0.0000   39.60000
 FREE  7.78000 -0.6057    3.4454  0.0000 -0.6057  0.0000  0.0000 10.0000    0.0000   39.60000
 FREE  7.80000 -0.5387    3.2494  0.0000 -0.5387  0.0000  0.0000 10.0000    0.0000   39.60000
 FREE  7.82000 -0.4757    3.0534  0.0000 -0.4757  0.0000  0.0000 10.0000    0.0000   39.60000
 FREE  7.84000 -0.4166    2.8574  0.0000 -0.4166  0.0000  0.0000 10.0000    0.0000   39.60000
 FREE  7.86000 -0.3614    2.6614  0.0000 -0.3614  0.0000  0.0000 10.0000    0.0000   39.60000
 FREE  7.88000 -0.3101    2.4654  0.0000 -0.3101  0.0000  0.0000 10.0000    0.0000   39.60000
 FREE  7.90000 -0.2628    2.2694  0.0000 -0.2628  0.0000  0.0000 10.0000    0.0000   39.60000
 FREE  7.92000 -0.2193    2.0734  0.0000 -0.2193  0.0000  0.0000 10.0000    0.0000   39.60000
 FREE  7.94000 -0.1798    1.8774  0.0000 -0.1798  0.0000  0.0000 10.0000    0.0000   39.60000
 FREE  7.96000 -0.1442    1.6814  0.0000 -0.1442  0.0000  0.0000 10.0000    0.0000   39.60000
 FREE  7.98000 -0.1126    1.4854  0.0000 -0.1126  0.0000  0.0000 10.0000    0.0000   39.60000
 FREE  8.00000 -0.0848    1.2894  0.0000 -0.0848  0.0000  0.0000 10.0000    0.0000   39.60000
 FREE  8.02000 -0.0610    1.0934  0.0000 -0.0610  0.0000  0.0000 10.0000    0.0000   39.60000
 FREE  8.04000 -0.0411    0.8974  0.0000 -0.0411  0.0000  0.0000 10.0000    0.0000   39.60000
 FREE  8.06000 -0.0251    0.7014  0.0000 -0.0251  0.0000  0.0000 10.0000    0.0000   39.60000
 FREE  8.08000 -0.0130    0.5054  0.0000 -0.0130  0.0000  0.0000 10.0000    0.0000   39.60000
 FREE  8.10000 -0.0049    0.3094  0.0000 -0.0049  0.0000  0.0000 10.0000    0.0000   39.60000
 FREE  8.12000 -0.0007    0.1134  0.0000 -0.0007  0.0000  0.0000 10.0000    0.0000   39.60000
 FREE  8.14000 -0.0003   -0.0826  0.0000 -0.0003  0.0000  0.0000 10.0000    0.0000   39.60000
 FREE  8.16000 -0.0040   -0.2786  0.0000 -0.0040  0.0000  0.0000 10.0000    0.0000   39.60000
 FREE  8.18000 -0.0115   -0.4746  0.0000 -0.0115  0.0000  0.0000 10.0000    0.0000   39.60000
 FREE  8.20000 -0.0229   -0.6706  0.0000 -0.0229  0.0000  0.0000 10.0000    0.0000   39.60000
 FREE  8.22000 -0.0383   -0.8666  0.0000 -0.0383  0.0000  0.0000 10.0000    0.0000   39.60000
 FREE  8.24000 -0.0576   -1.0626  0.0000 -0.0576  0.0000  0.0000 10.0000    0.0000   39.60000
 FREE  8.26000 -0.0808   -1.2586  0.0000 -0.0808  0.0000  0.0000 10.0000    0.0000   39.60000
 FREE  8.28000 -0.1080   -1.4546  0.0000 -0.1080  0.0000  0.0000 10.0000    0.0000   39.60000
 FREE  8.30000 -0.1390   -1.6506  0.0000 -0.1390  0.0000  0.0000 10.0000    0.0000   39.60000
 FREE  8.32000 -0.1740   -1.8466  0.0000 -0.1740  0.0000  0.0000 10.0000    0.0000   39.60000
 FREE  8.34000 -0.2129   -2.0426  0.0000 -0.2129  0.0000  0.0000 10.0000    0.0000   39.60000
 FREE  8.36000 -0.2557   -2.2386  0.0000 -0.2557  0.0000  0.0000 10.0000    0.0000   39.60000
 FREE  8.38000 -0.3024   -2.4346  0.0000 -0.3024  0.0000  0.0000 10.0000    0.0000   39.60000
 FREE  8.40000 -0.3531   -2.6306  0.0000 -0.3531  0.0000  0.0000 10.0000    0.0000   39.60000
 FREE  8.42000 -0.4076   -2.8266  0.0000 -0.4076  0.0000  0.0000 10.0000    0.0000   39.60000
 FREE  8.44000 -0.4661   -3.0226  0.0000 -0.4661  0.0000  0.0000 10.0000    0.0000   39.60000
 FREE  8.46000 -0.5285   -3.2186  0.0000 -0.5285  0.0000  0.0000 10.0000    0.0000   39.60000
 FREE  8.48000 -0.5949   -3.4146  0.0000 -0.5949  0.0000  0.0000 10.0000    0.0000   39.60000
 FREE  8.50000 -0.6651   -3.6106  0.0000 -0.6651  0.0000  0.0000 10.0000    0.0000   39.60000
 FREE  8.52000 -0.7393   -3.8066  0.0000 -0.7393  0.0000  0.0000 10.0000    0.0000   39.60000
 FREE  8.54000 -0.8174   -4.0026  0.0000 -0.8174  0.0000  0.0000 10.0000    0.0000   39.60000
 FREE  8.56000 -0.8994   -4.1986  0.0000 -0.8994  0.0000  0.0000 10.0000    0.0000   39.60000
 FREE  8.58000 -0.9853   -4.3946  0.0000 -0.9853  0.0000  0.0000 10.0000    0.0000   39.60000
*FREE  8.58333 -1.0000    4.4272  0.0000 -1.0000  0.0000  0.0000 10.0000    0.0000   39.60000
 FREE  8.60000 -0.9275    4.2638  0.0000 -0.9275  0.0000  0.0000 10.0000    0.0000   39.60000
 FREE  8.62000 -0.8442    4.0678  0.0000 -0.8442  0.0000  0.0000 10.0000    0.0000   39.60000
 FREE  8.64000 -0.7648    3.8718  0.0000 -0.7648  0.0000  0.0000 10.0000    0.0000   39.60000
 FREE  8.66000 -0.6894    3.6758  0.0000 -0.6894  0.0000  0.0000 10.0000    0.0000   39.60000
 FREE  8.68000 -0.6178    3.4798  0.0000 -0.6178  0.0000  0.0000 10.0000    0.0000   39.60000
 FREE  8.70000 -0.5502    3.2838  0.0000 -0.5502  0.0000  0.0000 10.0000    0.0000   39.60000
 FREE  8.72000 -0.4864    3.0878  0.0000 -0.4864  0.0000  0.0000 10.0000    0.0000   39.60000
 FREE  8.74000 -0.4267    2.8918  0.0000 -0.4267  0.0000  0.0000 10.0000    0.0000   39.60000
 FREE  8.76000 -0.3708    2.6958  0.0000 -0.3708  0.0000  0.0000 10.0000    0.0000   39.60000
 FREE  8.78000 -0.3188    2.4998  0.0000 -0.3188  0.0000  0.0000 10.0000    0.0000   39.60000
 FREE  8.80000 -0.2708    2.3038  0.0000 -0.2708  0.0000  0.0000 10.0000    0.0000   39.60000
 FREE  8.82000 -0.2267    2.1078  0.0000 -0.2267  0.0000  0.0000 10.0000    0.0000   39.60000
 FREE  8.84000 -0.1865    1.9118  0.0000 -0.1865  0.0000  0.0000 10.0000    0.0000   39.60000
 FREE  8.86000 -0.1502    1.7158  0.0000 -0.1502  0.0000  0.0000 10.0000    0.0000   39.60000
 FREE  8.88000 -0.1178    1.5198  0.0000 -0.1178  0.0000  0.0000 10.0000    0.0000   39.60000
 FREE  8.90000 -0.0894    1.3238  0.0000 -0.0894  0.0000  0.0000 10.0000    0.0000   39.60000
 FREE  8.92000 -0.0649    1.1278  0.0000 -0.0649  0.0000  0.0000 10.0000    0.0000   39.60000
 FREE  8.94000 -0.0443    0.9318  0.0000 -0.0443  0.0000  0.0000 10.0000    0.0000   39.60000
 FREE  8.96000 -0.0276    0.7358  0.0000 -0.0276  0.0000  0.0000 10.0000    0.0000   39.60000
 FREE  8.98000 -0.0149    0.5398  0.0000 -0.0149  0.0000  0.0000 10.0000    0.0000   39.60000
 FREE  9.00000 -0.0060    0.3438  0.0000 -0.0060  0.0000  0.0000 10.0000    0.0000   39.60000
 FREE  9.02000 -0.0011    0.1478  0.0000 -0.0011  0.0000  0.0000 10.0000    0.0000   39.60000
 FREE  9.04000 -0.0001   -0.0482  0.0000 -0.0001  0.0000  0.0000 10.0000    0.0000   39.60000
 FREE  9.06000 -0.0030   -0.2442  0.0000 -0.0030  0.0000  0.0000 10.0000    0.0000   39.60000
 FREE  9.08000 -0.0099   -0.4402  0.0000 -0.0099  0.0000  0.0000 10.0000    0.0000   39.60000
 FREE  9.10000 -0.0207   -0.6362  0.0000 -0.0207  0.0000  0.0000 10.0000    0.0000   39.60000
 FREE  9.12000 -0.0353   -0.8322  0.0000 -0.0353  0.0000  0.0000 10.0000    0.0000   39.60000
 FREE  9.14000 -0.0539   -1.0282  0.0000 -0.0539  0.0000  0.0000 10.0000    0.0000   39.60000
 FREE  9.16000 -0.0765   -1.2242  0.0000 -0.0765  0.0000  0.0000 10.0000    0.0000   39.60000
 FREE  9.18000 -0.1029   -1.4202  0.0000 -0.1029  0.0000  0.0000 10.0000    0.0000   39.60000
 FREE  9.20000 -0.1333   -1.6162  0.0000 -0.1333  0.0000  0.0000 10.0000    0.0000   39.60000
 FREE  9.22000 -0.1676   -1.8122  0.0000 -0.1676  0.0000  0.0000 10.0000    0.0000   39.60000
 FREE  9.24000 -0.2058   -2.0082  0.0000 -0.2058  0.0000  0.0000 10.0000    0.0000   39.60000
 FREE  9.26000 -0.2479   -2.2042  0.0000 -0.2479  0.0000  0.0000 10.0000    0.0000   39.60000
 FREE  9.28000 -0.2939   -2.4002  0.0000 -0.2939  0.0000  0.0000 10.0000    0.0000   39.60000
 FREE  9.30000 -0.3439   -2.5962  0.0000 -0.3439  0.0000  0.0000 10.0000    0.0000   39.60000
 FREE  9.32000 -0.3978   -2.7922  0.0000 -0.3978  0.0000  0.0000 10.0000    0.0000   39.60000
 FREE  9.34000 -0.4556   -2.9882  0.0000 -0.4556  0.0000  0.0000 10.0000    0.0000   39.60000
 FREE  9.36000 -0.5173   -3.1842  0.0000 -0.5173  0.0000  0.0000 10.0000    0.0000   39.60000
 FREE  9.38000 -0.5830   -3.3802  0.0000 -0.5830  0.0000  0.0000 10.0000    0.0000   39.60000
 FREE  9.40000 -0.6525   -3.5762  0.0000 -0.6525  0.0000  0.0000 10.0000    0.0000   39.60000
 FREE  9.42000 -0.7260   -3.7722  0.0000 -0.7260  0.0000  0.0000 10.0000    0.0000   39.60000
 FREE  9.44000 -0.8034   -3.9682  0.0000 -0.8034  0.0000  0.0000 10.0000    0.0000   39.60000
 FREE  9.46000 -0.8847   -4.1642  0.0000 -0.8847  0.0000  0.0000 10.0000    0.0000   39.60000
 FREE  9.48000 -0.9700   -4.3602  0.0000 -0.9700  0.0000  0.0000 10.0000    0.0000   39.60000
*FREE  9.48683 -1.0000    4.4272  0.0000 -1.0000  0.0000  0.0000 10.0000    0.0000   39.60000
 FREE  9.50000 -0.9426    4.2982  0.0000 -0.9426  0.0000  0.0000 10.0000    0.0000   39.60000
 FREE  9.52000 -0.8586    4.1022  0.0000 -0.8586  0.0000  0.0000 10.0000    0.0000   39.60000
 FREE  9.54000 -0.7785    3.9062  0.0000 -0.7785  0.0000  0.0000 10.0000    0.0000   39.60000
 FREE  9.56000 -0.7023    3.7102  0.0000 -0.7023  0.0000  0.0000 10.0000    0.0000   39.60000
 FREE  9.58000 -0.6301    3.5142  0.0000 -0.6301  0.0000  0.0000 10.0000    0.0000   39.60000
 FREE  9.60000 -0.5617    3.3182  0.0000 -0.5617  0.0000  0.0000 10.0000    0.0000   39.60000
 FREE  9.62000 -0.4973    3.1222  0.0000 -0.4973  0.0000  0.0000 10.0000    0.0000   39.60000
 FREE  9.64000 -0.4369    2.9262  0.0000 -0.4369  0.0000  0.0000 10.0000    0.0000   39.60000
 FREE  9.66000 -0.3803    2.7302  0.0000 -0.3803  0.0000  0.0000 10.0000    0.0000   39.60000
 FREE  9.68000 -0.3276    2.5342  0.0000 -0.3276  0.0000  0.0000 10.0000    0.0000   39.60000
 FREE  9.70000 -0.2789    2.3382  0.0000 -0.2789  0.0000  0.0000 10.0000    0.0000   39.60000
 FREE  9.72000 -0.2341    2.1422  0.0000 -0.2341  0.0000  0.0000 10.0000    0.0000   39.60000
 FREE  9.74000 -0.1932    1.9462  0.0000 -0.1932  0.0000  0.0000 10.0000    0.0000   39.60000
 FREE  9.76000 -0.1563    1.7502  0.0000 -0.1563  0.0000  0.0000 10.0000    0.0000   39.60000
 FREE  9.78000 -0.1232    1.5542  0.0000 -0.1232  0.0000  0.0000 10.0000    0.0000   39.60000
 FREE  9.80000 -0.0941    1.3582  0.0000 -0.0941  0.0000  0.0000 10.0000    0.0000   39.60000
 FREE  9.82000 -0.0689    1.1622  0.0000 -0.0689  0.0000  0.0000 10.0000    0.0000   39.60000
 FREE  9.84000 -0.0476    0.9662  0.0000 -0.0476  0.0000  0.0000 10.0000    0.0000   39.60000
 FREE  9.86000 -0.0303    0.7702  0.0000 -0.0303  0.0000  0.0000 10.0000    0.0000   39.60000
 FREE  9.88000 -0.0168    0.5742  0.0000 -0.0168  0.0000  0.0000 10.0000    0.0000   39.60000
 FREE  9.90000 -0.0073    0.3782  0.0000 -0.0073  0.0000  0.0000 10.0000    0.0000   39.60000
 FREE  9.92000 -0.0017    0.1822  0.0000 -0.0017  0.0000  0.0000 10.0000    0.0000   39.60000
 FREE  9.94000 -0.0000   -0.0138  0.0000 -0.0000  0.0000  0.0000 10.0000    0.0000   39.60000
 FREE  9.96000 -0.0022   -0.2098  0.0000 -0.0022  0.0000  0.0000 10.0000    0.0000   39.60000
 FREE  9.98000 -0.0084   -0.4058  0.0000 -0.0084  0.0000  0.0000 10.0000    0.0000   39.60000
 FREE 10.00000 -0.0185   -0.6018  0.0000 -0.0185  0.0000  0.0000 10.0000    0.0000   39.60000
