radii: inner=1 outer=2
coef: static=1 dynamic=1 restitution=1
ic's: radial=0 radv=0
    : latitude=0 latv=0
    : longitude=0 longv=0
    : sphere angvel=10 0 0

 cond     time     rad      radv   com_x   com_y   com_z  angv_1  angv_2    angv_3     energy
 FREE  0.00000  0.0000    0.0000  0.0000  0.0000  0.0000 10.0000  0.0000    0.0000   39.60000
 FREE  0.02000 -0.0020   -0.1960  0.0000 -0.0020  0.0000 10.0000  0.0000    0.0000   39.60000
 FREE  0.04000 -0.0078   -0.3920  0.0000 -0.0078  0.0000 10.0000  0.0000    0.0000   39.60000
 FREE  0.06000 -0.0176   -0.5880  0.0000 -0.0176  0.0000 10.0000  0.0000    0.0000   39.60000
 FREE  0.08000 -0.0314   -0.7840  0.0000 -0.0314  0.0000 10.0000  0.0000    0.0000   39.60000
 FREE  0.10000 -0.0490   -0.9800  0.0000 -0.0490  0.0000 10.0000  0.0000    0.0000   39.60000
 FREE  0.12000 -0.0706   -1.1760  0.0000 -0.0706  0.0000 10.0000  0.0000    0.0000   39.60000
 FREE  0.14000 -0.0960   -1.3720  0.0000 -0.0960  0.0000 10.0000  0.0000    0.0000   39.60000
 FREE  0.16000 -0.1254   -1.5680  0.0000 -0.1254  0.0000 10.0000  0.0000    0.0000   39.60000
 FREE  0.18000 -0.1588   -1.7640  0.0000 -0.1588  0.0000 10.0000  0.0000    0.0000   39.60000
 FREE  0.20000 -0.1960   -1.9600  0.0000 -0.1960  0.0000 10.0000  0.0000    0.0000   39.60000
 FREE  0.22000 -0.2372   -2.1560  0.0000 -0.2372  0.0000 10.0000  0.0000    0.0000   39.60000
 FREE  0.24000 -0.2822   -2.3520  0.0000 -0.2822  0.0000 10.0000  0.0000    0.0000   39.60000
 FREE  0.26000 -0.3312   -2.5480  0.0000 -0.3312  0.0000 10.0000  0.0000    0.0000   39.60000
 FREE  0.28000 -0.3842   -2.7440  0.0000 -0.3842  0.0000 10.0000  0.0000    0.0000   39.60000
 FREE  0.30000 -0.4410   -2.9400  0.0000 -0.4410  0.0000 10.0000  0.0000    0.0000   39.60000
 FREE  0.32000 -0.5018   -3.1360  0.0000 -0.5018  0.0000 10.0000  0.0000    0.0000   39.60000
 FREE  0.34000 -0.5664   -3.3320  0.0000 -0.5664  0.0000 10.0000  0.0000    0.0000   39.60000
 FREE  0.36000 -0.6350   -3.5280  0.0000 -0.6350  0.0000 10.0000  0.0000    0.0000   39.60000
 FREE  0.38000 -0.7076   -3.7240  0.0000 -0.7076  0.0000 10.0000  0.0000    0.0000   39.60000
 FREE  0.40000 -0.7840   -3.9200  0.0000 -0.7840  0.0000 10.0000  0.0000    0.0000   39.60000
 FREE  0.42000 -0.8644   -4.1160  0.0000 -0.8644  0.0000 10.0000  0.0000    0.0000   39.60000
 FREE  0.44000 -0.9486   -4.3120  0.0000 -0.9486  0.0000 10.0000  0.0000    0.0000   39.60000
*FREE  0.45175 -1.0000    4.4272  0.0000 -1.0000  0.0000  2.8571  0.0000    0.0000   25.31429
 FREE  0.46000 -0.9641    4.2753  0.0000 -0.9638  0.0236  2.8571  0.0000    0.0000   25.31429
 FREE  0.48000 -0.8826    3.8717  0.0000 -0.8789  0.0807  2.8571  0.0000    0.0000   25.31429
 FREE  0.50000 -0.8096    3.4102  0.0000 -0.7978  0.1378  2.8571  0.0000    0.0000   25.31429
 FREE  0.52000 -0.7466    2.8817  0.0000 -0.7207  0.1950  2.8571  0.0000    0.0000   25.31429
 FREE  0.54000 -0.6948    2.2828  0.0000 -0.6475  0.2521  2.8571  0.0000    0.0000   25.31429
 FREE  0.56000 -0.6557    1.6208  0.0000 -0.5782  0.3093  2.8571  0.0000    0.0000   25.31429
 FREE  0.58000 -0.6303    0.9185  0.0000 -0.5128  0.3664  2.8571  0.0000    0.0000   25.31429
 FREE  0.60000 -0.6190    0.2139  0.0000 -0.4514  0.4236  2.8571  0.0000    0.0000   25.31429
 FREE  0.62000 -0.6214   -0.4493  0.0000 -0.3938  0.4807  2.8571  0.0000    0.0000   25.31429
 FREE  0.64000 -0.6364   -1.0340  0.0000 -0.3402  0.5378  2.8571  0.0000    0.0000   25.31429
 FREE  0.66000 -0.6621   -1.5202  0.0000 -0.2906  0.5950  2.8571  0.0000    0.0000   25.31429
 FREE  0.68000 -0.6966   -1.9052  0.0000 -0.2448  0.6521  2.8571  0.0000    0.0000   25.31429
 FREE  0.70000 -0.7377   -2.1983  0.0000 -0.2029  0.7093  2.8571  0.0000    0.0000   25.31429
 FREE  0.72000 -0.7840   -2.4146  0.0000 -0.1650  0.7664  2.8571  0.0000    0.0000   25.31429
 FREE  0.74000 -0.8339   -2.5699  0.0000 -0.1310  0.8236  2.8571  0.0000    0.0000   25.31429
 FREE  0.76000 -0.8865   -2.6785  0.0000 -0.1009  0.8807  2.8571  0.0000    0.0000   25.31429
 FREE  0.78000 -0.9408   -2.7520  0.0000 -0.0747  0.9378  2.8571  0.0000    0.0000   25.31429
 FREE  0.80000 -0.9964   -2.7997  0.0000 -0.0525  0.9950  2.8571  0.0000    0.0000   25.31429
*FREE  0.80130 -1.0000    2.8021  0.0000 -0.0512  0.9987  1.6354  0.0000    0.0000   24.89631
 FREE  0.82000 -0.9481    2.7472  0.0000 -0.0197  0.9479  1.6354  0.0000    0.0000   24.89631
 FREE  0.84000 -0.8937    2.6985  0.0000  0.0102  0.8936  1.6354  0.0000    0.0000   24.89631
 FREE  0.86000 -0.8401    2.6604  0.0000  0.0362  0.8393  1.6354  0.0000    0.0000   24.89631
 FREE  0.88000 -0.7872    2.6328  0.0000  0.0583  0.7850  1.6354  0.0000    0.0000   24.89631
 FREE  0.90000 -0.7347    2.6158  0.0000  0.0764  0.7307  1.6354  0.0000    0.0000   24.89631
 FREE  0.92000 -0.6825    2.6092  0.0000  0.0907  0.6764  1.6354  0.0000    0.0000   24.89631
 FREE  0.94000 -0.6303    2.6128  0.0000  0.1010  0.6221  1.6354  0.0000    0.0000   24.89631
 FREE  0.96000 -0.5779    2.6264  0.0000  0.1074  0.5678  1.6354  0.0000    0.0000   24.89631
 FREE  0.98000 -0.5252    2.6494  0.0000  0.1098  0.5136  1.6354  0.0000    0.0000   24.89631
 FREE  1.00000 -0.4719    2.6814  0.0000  0.1084  0.4593  1.6354  0.0000    0.0000   24.89631
 FREE  1.02000 -0.4179    2.7213  0.0000  0.1030  0.4050  1.6354  0.0000    0.0000   24.89631
 FREE  1.04000 -0.3630    2.7680  0.0000  0.0937  0.3507  1.6354  0.0000    0.0000   24.89631
 FREE  1.06000 -0.3071    2.8187  0.0000  0.0805  0.2964  1.6354  0.0000    0.0000   24.89631
 FREE  1.08000 -0.2502    2.8680  0.0000  0.0634  0.2421  1.6354  0.0000    0.0000   24.89631
 FREE  1.10000 -0.1925    2.9012  0.0000  0.0423  0.1878  1.6354  0.0000    0.0000   24.89631
 FREE  1.12000 -0.1346    2.8655  0.0000  0.0173  0.1335  1.6354  0.0000    0.0000   24.89631
 FREE  1.14000 -0.0800    2.4634  0.0000 -0.0116  0.0792  1.6354  0.0000    0.0000   24.89631
 FREE  1.16000 -0.0509   -0.1877  0.0000 -0.0444  0.0249  1.6354  0.0000    0.0000   24.89631
 FREE  1.18000 -0.0863   -2.7438  0.0000 -0.0811 -0.0294  1.6354  0.0000    0.0000   24.89631
 FREE  1.20000 -0.1477   -3.2936  0.0000 -0.1218 -0.0837  1.6354  0.0000    0.0000   24.89631
 FREE  1.22000 -0.2161   -3.5240  0.0000 -0.1663 -0.1380  1.6354  0.0000    0.0000   24.89631
 FREE  1.24000 -0.2883   -3.6902  0.0000 -0.2148 -0.1923  1.6354  0.0000    0.0000   24.89631
 FREE  1.26000 -0.3636   -3.8390  0.0000 -0.2672 -0.2466  1.6354  0.0000    0.0000   24.89631
 FREE  1.28000 -0.4418   -3.9831  0.0000 -0.3236 -0.3009  1.6354  0.0000    0.0000   24.89631
 FREE  1.30000 -0.5229   -4.1269  0.0000 -0.3838 -0.3552  1.6354  0.0000    0.0000   24.89631
 FREE  1.32000 -0.6069   -4.2723  0.0000 -0.4480 -0.4095  1.6354  0.0000    0.0000   24.89631
 FREE  1.34000 -0.6938   -4.4198  0.0000 -0.5161 -0.4637  1.6354  0.0000    0.0000   24.89631
 FREE  1.36000 -0.7837   -4.5699  0.0000 -0.5881 -0.5180  1.6354  0.0000    0.0000   24.89631
 FREE  1.38000 -0.8767   -4.7224  0.0000 -0.6640 -0.5723  1.6354  0.0000    0.0000   24.89631
 FREE  1.40000 -0.9726   -4.8776  0.0000 -0.7439 -0.6266  1.6354  0.0000    0.0000   24.89631
*FREE  1.40558 -1.0000    4.9213  0.0000 -0.7669 -0.6418  0.8805  0.0000    0.0000   24.73677
 FREE  1.42000 -0.9299    4.7985  0.0000 -0.7216 -0.5865  0.8805  0.0000    0.0000   24.73677
 FREE  1.44000 -0.8358    4.6141  0.0000 -0.6622 -0.5098  0.8805  0.0000    0.0000   24.73677
 FREE  1.46000 -0.7455    4.4051  0.0000 -0.6068 -0.4332  0.8805  0.0000    0.0000   24.73677
 FREE  1.48000 -0.6598    4.1579  0.0000 -0.5552 -0.3565  0.8805  0.0000    0.0000   24.73677
 FREE  1.50000 -0.5796    3.8507  0.0000 -0.5076 -0.2798  0.8805  0.0000    0.0000   24.73677
 FREE  1.52000 -0.5064    3.4502  0.0000 -0.4639 -0.2032  0.8805  0.0000    0.0000   24.73677
 FREE  1.54000 -0.4425    2.9084  0.0000 -0.4241 -0.1265  0.8805  0.0000    0.0000   24.73677
 FREE  1.56000 -0.3914    2.1697  0.0000 -0.3882 -0.0498  0.8805  0.0000    0.0000   24.73677
 FREE  1.58000 -0.3573    1.2071  0.0000 -0.3563  0.0269  0.8805  0.0000    0.0000   24.73677
 FREE  1.60000 -0.3442    0.0899  0.0000 -0.3282  0.1035  0.8805  0.0000    0.0000   24.73677
 FREE  1.62000 -0.3535   -1.0015  0.0000 -0.3041  0.1802  0.8805  0.0000    0.0000   24.73677
 FREE  1.64000 -0.3829   -1.8961  0.0000 -0.2839  0.2569  0.8805  0.0000    0.0000   24.73677
 FREE  1.66000 -0.4277   -2.5423  0.0000 -0.2676  0.3336  0.8805  0.0000    0.0000   24.73677
 FREE  1.68000 -0.4832   -2.9803  0.0000 -0.2553  0.4102  0.8805  0.0000    0.0000   24.73677
 FREE  1.70000 -0.5459   -3.2730  0.0000 -0.2469  0.4869  0.8805  0.0000    0.0000   24.73677
 FREE  1.72000 -0.6135   -3.4714  0.0000 -0.2423  0.5636  0.8805  0.0000    0.0000   24.73677
 FREE  1.74000 -0.6844   -3.6107  0.0000 -0.2417  0.6403  0.8805  0.0000    0.0000   24.73677
 FREE  1.76000 -0.7577   -3.7131  0.0000 -0.2451  0.7169  0.8805  0.0000    0.0000   24.73677
 FREE  1.78000 -0.8327   -3.7929  0.0000 -0.2523  0.7936  0.8805  0.0000    0.0000   24.73677
 FREE  1.80000 -0.9093   -3.8594  0.0000 -0.2635  0.8703  0.8805  0.0000    0.0000   24.73677
 FREE  1.82000 -0.9871   -3.9184  0.0000 -0.2786  0.9469  0.8805  0.0000    0.0000   24.73677
*FREE  1.82330 -1.0000    3.9277  0.0000 -0.2814  0.9596  0.4159  0.0000    0.0000   24.67632
 FREE  1.84000 -0.9348    3.8800  0.0000 -0.2577  0.8986  0.4159  0.0000    0.0000   24.67632
 FREE  1.86000 -0.8577    3.8255  0.0000 -0.2328  0.8255  0.4159  0.0000    0.0000   24.67632
 FREE  1.88000 -0.7818    3.7723  0.0000 -0.2119  0.7525  0.4159  0.0000    0.0000   24.67632
 FREE  1.90000 -0.7069    3.7179  0.0000 -0.1949  0.6795  0.4159  0.0000    0.0000   24.67632
 FREE  1.92000 -0.6331    3.6580  0.0000 -0.1818  0.6064  0.4159  0.0000    0.0000   24.67632
 FREE  1.94000 -0.5606    3.5856  0.0000 -0.1726  0.5334  0.4159  0.0000    0.0000   24.67632
 FREE  1.96000 -0.4898    3.4884  0.0000 -0.1673  0.4604  0.4159  0.0000    0.0000   24.67632
 FREE  1.98000 -0.4214    3.3443  0.0000 -0.1660  0.3873  0.4159  0.0000    0.0000   24.67632
 FREE  2.00000 -0.3566    3.1107  0.0000 -0.1686  0.3143  0.4159  0.0000    0.0000   24.67632
 FREE  2.02000 -0.2981    2.7069  0.0000 -0.1751  0.2412  0.4159  0.0000    0.0000   24.67632
 FREE  2.04000 -0.2504    1.9942  0.0000 -0.1855  0.1682  0.4159  0.0000    0.0000   24.67632
 FREE  2.06000 -0.2214    0.8339  0.0000 -0.1999  0.0952  0.4159  0.0000    0.0000   24.67632
 FREE  2.08000 -0.2192   -0.6375  0.0000 -0.2181  0.0221  0.4159  0.0000    0.0000   24.67632
 FREE  2.10000 -0.2456   -1.9379  0.0000 -0.2403 -0.0509  0.4159  0.0000    0.0000   24.67632
 FREE  2.12000 -0.2938   -2.8127  0.0000 -0.2664 -0.1239  0.4159  0.0000    0.0000   24.67632
 FREE  2.14000 -0.3559   -3.3531  0.0000 -0.2964 -0.1970  0.4159  0.0000    0.0000   24.67632
 FREE  2.16000 -0.4267   -3.7010  0.0000 -0.3304 -0.2700  0.4159  0.0000    0.0000   24.67632
 FREE  2.18000 -0.5033   -3.9462  0.0000 -0.3683 -0.3431  0.4159  0.0000    0.0000   24.67632
 FREE  2.20000 -0.5842   -4.1364  0.0000 -0.4100 -0.4161  0.4159  0.0000    0.0000   24.67632
 FREE  2.22000 -0.6685   -4.2965  0.0000 -0.4557 -0.4891  0.4159  0.0000    0.0000   24.67632
 FREE  2.24000 -0.7559   -4.4401  0.0000 -0.5054 -0.5622  0.4159  0.0000    0.0000   24.67632
 FREE  2.26000 -0.8461   -4.5749  0.0000 -0.5589 -0.6352  0.4159  0.0000    0.0000   24.67632
 FREE  2.28000 -0.9389   -4.7053  0.0000 -0.6164 -0.7082  0.4159  0.0000    0.0000   24.67632
*FREE  2.29287 -1.0000    4.7882  0.0000 -0.6554 -0.7553  0.0801  0.0000    0.0000   24.64475
 FREE  2.30000 -0.9660    4.7423  0.0000 -0.6337 -0.7291  0.0801  0.0000    0.0000   24.64475
 FREE  2.32000 -0.8725    4.6123  0.0000 -0.5755 -0.6557  0.0801  0.0000    0.0000   24.64475
 FREE  2.34000 -0.7816    4.4784  0.0000 -0.5213 -0.5823  0.0801  0.0000    0.0000   24.64475
 FREE  2.36000 -0.6934    4.3365  0.0000 -0.4709 -0.5090  0.0801  0.0000    0.0000   24.64475
 FREE  2.38000 -0.6082    4.1797  0.0000 -0.4245 -0.4356  0.0801  0.0000    0.0000   24.64475
 FREE  2.40000 -0.5264    3.9961  0.0000 -0.3819 -0.3622  0.0801  0.0000    0.0000   24.64475
 FREE  2.42000 -0.4487    3.7638  0.0000 -0.3433 -0.2888  0.0801  0.0000    0.0000   24.64475
 FREE  2.44000 -0.3764    3.4415  0.0000 -0.3087 -0.2155  0.0801  0.0000    0.0000   24.64475
 FREE  2.46000 -0.3121    2.9524  0.0000 -0.2779 -0.1421  0.0801  0.0000    0.0000   24.64475
 FREE  2.48000 -0.2603    2.1685  0.0000 -0.2511 -0.0687  0.0801  0.0000    0.0000   24.64475
 FREE  2.50000 -0.2282    0.9729  0.0000 -0.2281  0.0047  0.0801  0.0000    0.0000   24.64475
 FREE  2.52000 -0.2232   -0.4843  0.0000 -0.2091  0.0780  0.0801  0.0000    0.0000   24.64475
 FREE  2.54000 -0.2461   -1.7396  0.0000 -0.1941  0.1514  0.0801  0.0000    0.0000   24.64475
 FREE  2.56000 -0.2898   -2.5555  0.0000 -0.1829  0.2248  0.0801  0.0000    0.0000   24.64475
 FREE  2.58000 -0.3461   -3.0270  0.0000 -0.1757  0.2982  0.0801  0.0000    0.0000   24.64475
 FREE  2.60000 -0.4096   -3.2996  0.0000 -0.1723  0.3715  0.0801  0.0000    0.0000   24.64475
 FREE  2.62000 -0.4773   -3.4659  0.0000 -0.1729  0.4449  0.0801  0.0000    0.0000   24.64475
 FREE  2.64000 -0.5478   -3.5759  0.0000 -0.1775  0.5183  0.0801  0.0000    0.0000   24.64475
 FREE  2.66000 -0.6202   -3.6560  0.0000 -0.1859  0.5917  0.0801  0.0000    0.0000   24.64475
 FREE  2.68000 -0.6940   -3.7204  0.0000 -0.1982  0.6650  0.0801  0.0000    0.0000   24.64475
 FREE  2.70000 -0.7689   -3.7775  0.0000 -0.2145  0.7384  0.0801  0.0000    0.0000   24.64475
 FREE  2.72000 -0.8450   -3.8322  0.0000 -0.2347  0.8118  0.0801  0.0000    0.0000   24.64475
 FREE  2.74000 -0.9222   -3.8873  0.0000 -0.2588  0.8852  0.0801  0.0000    0.0000   24.64475
*FREE  2.75986 -1.0000    3.9444  0.0000 -0.2867  0.9580 -0.2514  0.0000    0.0000   24.61399
 FREE  2.76000 -0.9994    3.9440  0.0000 -0.2865  0.9575 -0.2514  0.0000    0.0000   24.61399
 FREE  2.78000 -0.9212    3.8844  0.0000 -0.2707  0.8805 -0.2514  0.0000    0.0000   24.61399
 FREE  2.80000 -0.8441    3.8177  0.0000 -0.2588  0.8034 -0.2514  0.0000    0.0000   24.61399
 FREE  2.82000 -0.7685    3.7381  0.0000 -0.2509  0.7264 -0.2514  0.0000    0.0000   24.61399
 FREE  2.84000 -0.6947    3.6368  0.0000 -0.2468  0.6494 -0.2514  0.0000    0.0000   24.61399
 FREE  2.86000 -0.6233    3.5003  0.0000 -0.2467  0.5724 -0.2514  0.0000    0.0000   24.61399
 FREE  2.88000 -0.5551    3.3069  0.0000 -0.2505  0.4954 -0.2514  0.0000    0.0000   24.61399
 FREE  2.90000 -0.4916    3.0232  0.0000 -0.2582  0.4184 -0.2514  0.0000    0.0000   24.61399
 FREE  2.92000 -0.4351    2.5997  0.0000 -0.2698  0.3413 -0.2514  0.0000    0.0000   24.61399
 FREE  2.94000 -0.3890    1.9746  0.0000 -0.2854  0.2643 -0.2514  0.0000    0.0000   24.61399
 FREE  2.96000 -0.3578    1.1031  0.0000 -0.3048  0.1873 -0.2514  0.0000    0.0000   24.61399
 FREE  2.98000 -0.3463    0.0251  0.0000 -0.3282  0.1103 -0.2514  0.0000    0.0000   24.61399
 FREE  3.00000 -0.3571   -1.0983  0.0000 -0.3555  0.0333 -0.2514  0.0000    0.0000   24.61399
 FREE  3.02000 -0.3892   -2.0818  0.0000 -0.3868 -0.0438 -0.2514  0.0000    0.0000   24.61399
 FREE  3.04000 -0.4389   -2.8435  0.0000 -0.4219 -0.1208 -0.2514  0.0000    0.0000   24.61399
 FREE  3.06000 -0.5016   -3.4036  0.0000 -0.4610 -0.1978 -0.2514  0.0000    0.0000   24.61399
 FREE  3.08000 -0.5740   -3.8167  0.0000 -0.5040 -0.2748 -0.2514  0.0000    0.0000   24.61399
 FREE  3.10000 -0.6536   -4.1320  0.0000 -0.5509 -0.3518 -0.2514  0.0000    0.0000   24.61399
 FREE  3.12000 -0.7389   -4.3844  0.0000 -0.6017 -0.4288 -0.2514  0.0000    0.0000   24.61399
 FREE  3.14000 -0.8287   -4.5965  0.0000 -0.6565 -0.5059 -0.2514  0.0000    0.0000   24.61399
 FREE  3.16000 -0.9226   -4.7828  0.0000 -0.7151 -0.5829 -0.2514  0.0000    0.0000   24.61399
*FREE  3.17596 -1.0000    4.9191  0.0000 -0.7647 -0.6443 -0.7082  0.0000    0.0000   24.55555
 FREE  3.18000 -0.9802    4.8869  0.0000 -0.7478 -0.6337 -0.7082  0.0000    0.0000   24.55555
 FREE  3.20000 -0.8840    4.7287  0.0000 -0.6662 -0.5812 -0.7082  0.0000    0.0000   24.55555
 FREE  3.22000 -0.7910    4.5731  0.0000 -0.5885 -0.5286 -0.7082  0.0000    0.0000   24.55555
 FREE  3.24000 -0.7011    4.4204  0.0000 -0.5147 -0.4760 -0.7082  0.0000    0.0000   24.55555
 FREE  3.26000 -0.6142    4.2706  0.0000 -0.4448 -0.4235 -0.7082  0.0000    0.0000   24.55555
 FREE  3.28000 -0.5302    4.1241  0.0000 -0.3789 -0.3709 -0.7082  0.0000    0.0000   24.55555
 FREE  3.30000 -0.4492    3.9808  0.0000 -0.3169 -0.3184 -0.7082  0.0000    0.0000   24.55555
 FREE  3.32000 -0.3710    3.8408  0.0000 -0.2588 -0.2658 -0.7082  0.0000    0.0000   24.55555
 FREE  3.34000 -0.2955    3.7037  0.0000 -0.2046 -0.2132 -0.7082  0.0000    0.0000   24.55555
 FREE  3.36000 -0.2228    3.5679  0.0000 -0.1544 -0.1607 -0.7082  0.0000    0.0000   24.55555
 FREE  3.38000 -0.1529    3.4271  0.0000 -0.1081 -0.1081 -0.7082  0.0000    0.0000   24.55555
 FREE  3.40000 -0.0860    3.2416  0.0000 -0.0656 -0.0556 -0.7082  0.0000    0.0000   24.55555
 FREE  3.42000 -0.0273    2.1042  0.0000 -0.0272 -0.0030 -0.7082  0.0000    0.0000   24.55555
 FREE  3.44000 -0.0501   -2.8404  0.0000  0.0074  0.0496 -0.7082  0.0000    0.0000   24.55555
 FREE  3.46000 -0.1090   -2.9636  0.0000  0.0381  0.1021 -0.7082  0.0000    0.0000   24.55555
 FREE  3.48000 -0.1677   -2.9025  0.0000  0.0648  0.1547 -0.7082  0.0000    0.0000   24.55555
 FREE  3.50000 -0.2250   -2.8265  0.0000  0.0876  0.2072 -0.7082  0.0000    0.0000   24.55555
 FREE  3.52000 -0.2808   -2.7527  0.0000  0.1065  0.2598 -0.7082  0.0000    0.0000   24.55555
 FREE  3.54000 -0.3351   -2.6851  0.0000  0.1215  0.3124 -0.7082  0.0000    0.0000   24.55555
 FREE  3.56000 -0.3882   -2.6253  0.0000  0.1325  0.3649 -0.7082  0.0000    0.0000   24.55555
 FREE  3.58000 -0.4402   -2.5742  0.0000  0.1397  0.4175 -0.7082  0.0000    0.0000   24.55555
 FREE  3.60000 -0.4913   -2.5326  0.0000  0.1429  0.4700 -0.7082  0.0000    0.0000   24.55555
 FREE  3.62000 -0.5416   -2.5008  0.0000  0.1422  0.5226 -0.7082  0.0000    0.0000   24.55555
 FREE  3.64000 -0.5914   -2.4793  0.0000  0.1375  0.5752 -0.7082  0.0000    0.0000   24.55555
 FREE  3.66000 -0.6408   -2.4684  0.0000  0.1290  0.6277 -0.7082  0.0000    0.0000   24.55555
 FREE  3.68000 -0.6902   -2.4684  0.0000  0.1165  0.6803 -0.7082  0.0000    0.0000   24.55555
 FREE  3.70000 -0.7396   -2.4796  0.0000  0.1001  0.7328 -0.7082  0.0000    0.0000   24.55555
 FREE  3.72000 -0.7894   -2.5019  0.0000  0.0798  0.7854 -0.7082  0.0000    0.0000   24.55555
 FREE  3.74000 -0.8398   -2.5355  0.0000  0.0556  0.8379 -0.7082  0.0000    0.0000   24.55555
 FREE  3.76000 -0.8909   -2.5803  0.0000  0.0275  0.8905 -0.7082  0.0000    0.0000   24.55555
 FREE  3.78000 -0.9431   -2.6363  0.0000 -0.0046  0.9431 -0.7082  0.0000    0.0000   24.55555
 FREE  3.80000 -0.9965   -2.7031  0.0000 -0.0406  0.9956 -0.7082  0.0000    0.0000   24.55555
*FREE  3.80131 -1.0000    2.7079  0.0000 -0.0431  0.9991 -1.4846  0.0000    0.0000   24.38676
 FREE  3.82000 -0.9499    2.6469  0.0000 -0.0704  0.9473 -1.4846  0.0000    0.0000   24.38676
 FREE  3.84000 -0.8979    2.5501  0.0000 -0.1033  0.8919 -1.4846  0.0000    0.0000   24.38676
 FREE  3.86000 -0.8482    2.4103  0.0000 -0.1402  0.8365 -1.4846  0.0000    0.0000   24.38676
 FREE  3.88000 -0.8018    2.2154  0.0000 -0.1810  0.7812 -1.4846  0.0000    0.0000   24.38676
 FREE  3.90000 -0.7600    1.9515  0.0000 -0.2257  0.7258 -1.4846  0.0000    0.0000   24.38676
 FREE  3.92000 -0.7243    1.6050  0.0000 -0.2743  0.6704 -1.4846  0.0000    0.0000   24.38676
 FREE  3.94000 -0.6965    1.1661  0.0000 -0.3269  0.6150 -1.4846  0.0000    0.0000   24.38676
 FREE  3.96000 -0.6783    0.6335  0.0000 -0.3833  0.5596 -1.4846  0.0000    0.0000   24.38676
 FREE  3.98000 -0.6717    0.0192  0.0000 -0.4437  0.5042 -1.4846  0.0000    0.0000   24.38676
 FREE  4.00000 -0.6779   -0.6499  0.0000 -0.5081  0.4488 -1.4846  0.0000    0.0000   24.38676
 FREE  4.02000 -0.6978   -1.3371  0.0000 -0.5763  0.3934 -1.4846  0.0000    0.0000   24.38676
 FREE  4.04000 -0.7313   -2.0057  0.0000 -0.6484  0.3381 -1.4846  0.0000    0.0000   24.38676
 FREE  4.06000 -0.7777   -2.6283  0.0000 -0.7245  0.2827 -1.4846  0.0000    0.0000   24.38676
 FREE  4.08000 -0.8360   -3.1904  0.0000 -0.8045  0.2273 -1.4846  0.0000    0.0000   24.38676
 FREE  4.10000 -0.9049   -3.6894  0.0000 -0.8884  0.1719 -1.4846  0.0000    0.0000   24.38676
 FREE  4.12000 -0.9832   -4.1299  0.0000 -0.9763  0.1165 -1.4846  0.0000    0.0000   24.38676
*FREE  4.12403 -1.0000    4.2122  0.0000 -0.9944  0.1054 -2.7321  0.0000    0.0000   23.95103
 FREE  4.14000 -0.9350    3.9235  0.0000 -0.9334  0.0549 -2.7321  0.0000    0.0000   23.95103
 FREE  4.16000 -0.8605    3.5177  0.0000 -0.8605 -0.0083 -2.7321  0.0000    0.0000   23.95103
 FREE  4.18000 -0.7947    3.0543  0.0000 -0.7914 -0.0715 -2.7321  0.0000    0.0000   23.95103
 FREE  4.20000 -0.7388    2.5269  0.0000 -0.7264 -0.1348 -2.7321  0.0000    0.0000   23.95103
 FREE  4.22000 -0.6940    1.9358  0.0000 -0.6652 -0.1980 -2.7321  0.0000    0.0000   23.95103
 FREE  4.24000 -0.6617    1.2923  0.0000 -0.6079 -0.2612 -2.7321  0.0000    0.0000   23.95103
 FREE  4.26000 -0.6425    0.6212  0.0000 -0.5546 -0.3244 -2.7321  0.0000    0.0000   23.95103
 FREE  4.28000 -0.6368   -0.0417  0.0000 -0.5052 -0.3876 -2.7321  0.0000    0.0000   23.95103
 FREE  4.30000 -0.6439   -0.6591  0.0000 -0.4597 -0.4508 -2.7321  0.0000    0.0000   23.95103
 FREE  4.32000 -0.6626   -1.2022  0.0000 -0.4181 -0.5140 -2.7321  0.0000    0.0000   23.95103
 FREE  4.34000 -0.6914   -1.6569  0.0000 -0.3805 -0.5773 -2.7321  0.0000    0.0000   23.95103
 FREE  4.36000 -0.7283   -2.0231  0.0000 -0.3468 -0.6405 -2.7321  0.0000    0.0000   23.95103
 FREE  4.38000 -0.7718   -2.3100  0.0000 -0.3170 -0.7037 -2.7321  0.0000    0.0000   23.95103
 FREE  4.40000 -0.8203   -2.5304  0.0000 -0.2911 -0.7669 -2.7321  0.0000    0.0000   23.95103
 FREE  4.42000 -0.8726   -2.6981  0.0000 -0.2691 -0.8301 -2.7321  0.0000    0.0000   23.95103
 FREE  4.44000 -0.9279   -2.8252  0.0000 -0.2511 -0.8933 -2.7321  0.0000    0.0000   23.95103
 FREE  4.46000 -0.9854   -2.9217  0.0000 -0.2369 -0.9565 -2.7321  0.0000    0.0000   23.95103
*FREE  4.46496 -1.0000    2.9419  0.0000 -0.2340 -0.9722 -1.6977  0.0000    0.0000   23.65142
 FREE  4.48000 -0.9563    2.8667  0.0000 -0.2000 -0.9352 -1.6977  0.0000    0.0000   23.65142
 FREE  4.50000 -0.8999    2.7752  0.0000 -0.1581 -0.8859 -1.6977  0.0000    0.0000   23.65142
 FREE  4.52000 -0.8453    2.6937  0.0000 -0.1201 -0.8367 -1.6977  0.0000    0.0000   23.65142
 FREE  4.54000 -0.7921    2.6226  0.0000 -0.0861 -0.7874 -1.6977  0.0000    0.0000   23.65142
 FREE  4.56000 -0.7403    2.5623  0.0000 -0.0560 -0.7382 -1.6977  0.0000    0.0000   23.65142
 FREE  4.58000 -0.6896    2.5130  0.0000 -0.0298 -0.6889 -1.6977  0.0000    0.0000   23.65142
 FREE  4.60000 -0.6397    2.4747  0.0000 -0.0075 -0.6397 -1.6977  0.0000    0.0000   23.65142
 FREE  4.62000 -0.5905    2.4475  0.0000  0.0108 -0.5904 -1.6977  0.0000    0.0000   23.65142
 FREE  4.64000 -0.5417    2.4311  0.0000  0.0253 -0.5411 -1.6977  0.0000    0.0000   23.65142
 FREE  4.66000 -0.4932    2.4254  0.0000  0.0358 -0.4919 -1.6977  0.0000    0.0000   23.65142
 FREE  4.68000 -0.4446    2.4296  0.0000  0.0424 -0.4426 -1.6977  0.0000    0.0000   23.65142
 FREE  4.70000 -0.3959    2.4428  0.0000  0.0450 -0.3934 -1.6977  0.0000    0.0000   23.65142
 FREE  4.72000 -0.3469    2.4634  0.0000  0.0438 -0.3441 -1.6977  0.0000    0.0000   23.65142
 FREE  4.74000 -0.2974    2.4883  0.0000  0.0386 -0.2948 -1.6977  0.0000   -0.0000   23.65142
 FREE  4.76000 -0.2474    2.5112  0.0000  0.0295 -0.2456 -1.6977  0.0000   -0.0000   23.65142
 FREE  4.78000 -0.1970    2.5170  0.0000  0.0165 -0.1963 -1.6977  0.0000   -0.0000   23.65142
 FREE  4.80000 -0.1471    2.4604  0.0000 -0.0004 -0.1471 -1.6977  0.0000   -0.0000   23.65142
 FREE  4.82000 -0.1001    2.1649  0.0000 -0.0212 -0.0978 -1.6977  0.0000   -0.0000   23.65142
 FREE  4.84000 -0.0669    0.8689  0.0000 -0.0460 -0.0486 -1.6977  0.0000   -0.0000   23.65142
 FREE  4.86000 -0.0747   -1.5554  0.0000 -0.0747  0.0007 -1.6977  0.0000   -0.0000   23.65142
 FREE  4.88000 -0.1184   -2.6064  0.0000 -0.1073  0.0500 -1.6977  0.0000   -0.0000   23.65142
 FREE  4.90000 -0.1747   -2.9825  0.0000 -0.1438  0.0992 -1.6977  0.0000   -0.0000   23.65142
 FREE  4.92000 -0.2366   -3.1963  0.0000 -0.1843  0.1485 -1.6977  0.0000   -0.0000   23.65142
 FREE  4.94000 -0.3023   -3.3631  0.0000 -0.2286  0.1977 -1.6977  0.0000   -0.0000   23.65142
 FREE  4.96000 -0.3711   -3.5143  0.0000 -0.2769  0.2470 -1.6977  0.0000   -0.0000   23.65142
 FREE  4.98000 -0.4428   -3.6607  0.0000 -0.3291  0.2963 -1.6977  0.0000   -0.0000   23.65142
 FREE  5.00000 -0.5175   -3.8065  0.0000 -0.3852  0.3455 -1.6977  0.0000   -0.0000   23.65142
 FREE  5.02000 -0.5951   -3.9537  0.0000 -0.4453  0.3948 -1.6977  0.0000   -0.0000   23.65142
 FREE  5.04000 -0.6757   -4.1031  0.0000 -0.5093  0.4440 -1.6977  0.0000   -0.0000   23.65142
 FREE  5.06000 -0.7592   -4.2550  0.0000 -0.5771  0.4933 -1.6977  0.0000   -0.0000   23.65142
 FREE  5.08000 -0.8459   -4.4094  0.0000 -0.6490  0.5425 -1.6977  0.0000   -0.0000   23.65142
 FREE  5.10000 -0.9356   -4.5664  0.0000 -0.7247  0.5918 -1.6977  0.0000   -0.0000   23.65142
*FREE  5.11393 -1.0000    4.6772  0.0000 -0.7797  0.6261 -0.9115  0.0000   -0.0000   23.47836
 FREE  5.12000 -0.9718    4.6252  0.0000 -0.7612  0.6040 -0.9115  0.0000   -0.0000   23.47836
 FREE  5.14000 -0.8810    4.4446  0.0000 -0.7029  0.5312 -0.9115  0.0000   -0.0000   23.47836
 FREE  5.16000 -0.7941    4.2442  0.0000 -0.6484  0.4584 -0.9115  0.0000   -0.0000   23.47836
 FREE  5.18000 -0.7115    4.0137  0.0000 -0.5979  0.3857 -0.9115  0.0000   -0.0000   23.47836
 FREE  5.20000 -0.6339    3.7382  0.0000 -0.5513  0.3129 -0.9115  0.0000   -0.0000   23.47836
 FREE  5.22000 -0.5624    3.3955  0.0000 -0.5086  0.2401 -0.9115  0.0000   -0.0000   23.47836
 FREE  5.24000 -0.4987    2.9551  0.0000 -0.4698  0.1673 -0.9115  0.0000   -0.0000   23.47836
 FREE  5.26000 -0.4451    2.3802  0.0000 -0.4349  0.0945 -0.9115  0.0000   -0.0000   23.47836
 FREE  5.28000 -0.4046    1.6423  0.0000 -0.4040  0.0217 -0.9115  0.0000   -0.0000   23.47836
 FREE  5.30000 -0.3804    0.7533  0.0000 -0.3770 -0.0510 -0.9115  0.0000   -0.0000   23.47836
 FREE  5.32000 -0.3749   -0.2044  0.0000 -0.3539 -0.1238 -0.9115  0.0000   -0.0000   23.47836
 FREE  5.34000 -0.3882   -1.1009  0.0000 -0.3347 -0.1966 -0.9115  0.0000   -0.0000   23.47836
 FREE  5.36000 -0.4179   -1.8378  0.0000 -0.3194 -0.2694 -0.9115  0.0000   -0.0000   23.47836
 FREE  5.38000 -0.4604   -2.3906  0.0000 -0.3081 -0.3422 -0.9115  0.0000   -0.0000   23.47836
 FREE  5.40000 -0.5125   -2.7867  0.0000 -0.3007 -0.4150 -0.9115  0.0000   -0.0000   23.47836
 FREE  5.42000 -0.5712   -3.0677  0.0000 -0.2972 -0.4877 -0.9115  0.0000   -0.0000   23.47836
 FREE  5.44000 -0.6346   -3.2701  0.0000 -0.2976 -0.5605 -0.9115  0.0000   -0.0000   23.47836
 FREE  5.46000 -0.7016   -3.4205  0.0000 -0.3020 -0.6333 -0.9115  0.0000   -0.0000   23.47836
 FREE  5.48000 -0.7712   -3.5374  0.0000 -0.3102 -0.7061 -0.9115  0.0000   -0.0000   23.47836
 FREE  5.50000 -0.8430   -3.6330  0.0000 -0.3224 -0.7789 -0.9115  0.0000   -0.0000   23.47836
 FREE  5.52000 -0.9165   -3.7154  0.0000 -0.3385 -0.8517 -0.9115  0.0000   -0.0000   23.47836
 FREE  5.54000 -0.9915   -3.7904  0.0000 -0.3585 -0.9244 -0.9115  0.0000   -0.0000   23.47836
*FREE  5.54223 -1.0000    3.7985  0.0000 -0.3610 -0.9326 -0.4521  0.0000   -0.0000   23.41927
 FREE  5.56000 -0.9331    3.7335  0.0000 -0.3307 -0.8725 -0.4521  0.0000   -0.0000   23.41927
 FREE  5.58000 -0.8591    3.6632  0.0000 -0.3003 -0.8049 -0.4521  0.0000   -0.0000   23.41927
 FREE  5.60000 -0.7865    3.5948  0.0000 -0.2738 -0.7374 -0.4521  0.0000   -0.0000   23.41927
 FREE  5.62000 -0.7153    3.5258  0.0000 -0.2512 -0.6698 -0.4521  0.0000   -0.0000   23.41927
 FREE  5.64000 -0.6455    3.4529  0.0000 -0.2326 -0.6022 -0.4521  0.0000   -0.0000   23.41927
 FREE  5.66000 -0.5773    3.3703  0.0000 -0.2178 -0.5346 -0.4521  0.0000   -0.0000   23.41927
 FREE  5.68000 -0.5109    3.2686  0.0000 -0.2070 -0.4670 -0.4521  0.0000   -0.0000   23.41927
 FREE  5.70000 -0.4468    3.1317  0.0000 -0.2001 -0.3994 -0.4521  0.0000   -0.0000   23.41927
 FREE  5.72000 -0.3860    2.9311  0.0000 -0.1971 -0.3319 -0.4521  0.0000   -0.0000   23.41927
 FREE  5.74000 -0.3303    2.6168  0.0000 -0.1981 -0.2643 -0.4521  0.0000   -0.0000   23.41927
 FREE  5.76000 -0.2826    2.1068  0.0000 -0.2029 -0.1967 -0.4521  0.0000   -0.0000   23.41927
 FREE  5.78000 -0.2480    1.3007  0.0000 -0.2117 -0.1291 -0.4521  0.0000   -0.0000   23.41927
 FREE  5.80000 -0.2327    0.1865  0.0000 -0.2244 -0.0615 -0.4521  0.0000   -0.0000   23.41927
 FREE  5.82000 -0.2411   -1.0135  0.0000 -0.2411  0.0060 -0.4521  0.0000   -0.0000   23.41927
 FREE  5.84000 -0.2718   -1.9985  0.0000 -0.2616  0.0736 -0.4521  0.0000   -0.0000   23.41927
 FREE  5.86000 -0.3190   -2.6804  0.0000 -0.2861  0.1412 -0.4521  0.0000   -0.0000   23.41927
 FREE  5.88000 -0.3774   -3.1331  0.0000 -0.3144  0.2088 -0.4521  0.0000   -0.0000   23.41927
 FREE  5.90000 -0.4434   -3.4458  0.0000 -0.3468  0.2764 -0.4521  0.0000   -0.0000   23.41927
 FREE  5.92000 -0.5148   -3.6783  0.0000 -0.3830  0.3439 -0.4521  0.0000   -0.0000   23.41927
 FREE  5.94000 -0.5902   -3.8651  0.0000 -0.4231  0.4115 -0.4521  0.0000   -0.0000   23.41927
 FREE  5.96000 -0.6692   -4.0258  0.0000 -0.4672  0.4791 -0.4521  0.0000   -0.0000   23.41927
 FREE  5.98000 -0.7512   -4.1718  0.0000 -0.5152  0.5467 -0.4521  0.0000   -0.0000   23.41927
 FREE  6.00000 -0.8360   -4.3097  0.0000 -0.5671  0.6143 -0.4521  0.0000   -0.0000   23.41927
 FREE  6.02000 -0.9235   -4.4434  0.0000 -0.6229  0.6819 -0.4521  0.0000   -0.0000   23.41927
*FREE  6.03699 -1.0000    4.5558  0.0000 -0.6734  0.7393 -0.1174  0.0000   -0.0000   23.38790
 FREE  6.04000 -0.9863    4.5359  0.0000 -0.6645  0.7289 -0.1174  0.0000   -0.0000   23.38790
 FREE  6.06000 -0.8969    4.4024  0.0000 -0.6074  0.6600 -0.1174  0.0000   -0.0000   23.38790
 FREE  6.08000 -0.8103    4.2653  0.0000 -0.5543  0.5910 -0.1174  0.0000   -0.0000   23.38790
 FREE  6.10000 -0.7264    4.1209  0.0000 -0.5050  0.5221 -0.1174  0.0000   -0.0000   23.38790
 FREE  6.12000 -0.6455    3.9636  0.0000 -0.4597  0.4531 -0.1174  0.0000   -0.0000   23.38790
 FREE  6.14000 -0.5680    3.7838  0.0000 -0.4183  0.3842 -0.1174  0.0000   -0.0000   23.38790
 FREE  6.16000 -0.4944    3.5658  0.0000 -0.3809  0.3153 -0.1174  0.0000   -0.0000   23.38790
 FREE  6.18000 -0.4258    3.2826  0.0000 -0.3473  0.2463 -0.1174  0.0000   -0.0000   23.38790
 FREE  6.20000 -0.3638    2.8886  0.0000 -0.3177  0.1774 -0.1174  0.0000   -0.0000   23.38790
 FREE  6.22000 -0.3114    2.3135  0.0000 -0.2920  0.1084 -0.1174  0.0000   -0.0000   23.38790
 FREE  6.24000 -0.2730    1.4799  0.0000 -0.2702  0.0395 -0.1174  0.0000   -0.0000   23.38790
 FREE  6.26000 -0.2540    0.3907  0.0000 -0.2523 -0.0294 -0.1174  0.0000   -0.0000   23.38790
 FREE  6.28000 -0.2578   -0.7610  0.0000 -0.2383 -0.0984 -0.1174  0.0000   -0.0000   23.38790
 FREE  6.30000 -0.2831   -1.7121  0.0000 -0.2283 -0.1673 -0.1174  0.0000   -0.0000   23.38790
 FREE  6.32000 -0.3243   -2.3688  0.0000 -0.2222 -0.2363 -0.1174  0.0000   -0.0000   23.38790
 FREE  6.34000 -0.3762   -2.7895  0.0000 -0.2200 -0.3052 -0.1174  0.0000   -0.0000   23.38790
 FREE  6.36000 -0.4349   -3.0594  0.0000 -0.2217 -0.3741 -0.1174  0.0000   -0.0000   23.38790
 FREE  6.38000 -0.4980   -3.2405  0.0000 -0.2274 -0.4431 -0.1174  0.0000   -0.0000   23.38790
 FREE  6.40000 -0.5642   -3.3704  0.0000 -0.2369 -0.5120 -0.1174  0.0000   -0.0000   23.38790
 FREE  6.42000 -0.6326   -3.4712  0.0000 -0.2504 -0.5810 -0.1174  0.0000   -0.0000   23.38790
 FREE  6.44000 -0.7029   -3.5560  0.0000 -0.2678 -0.6499 -0.1174  0.0000   -0.0000   23.38790
 FREE  6.46000 -0.7748   -3.6325  0.0000 -0.2892 -0.7189 -0.1174  0.0000   -0.0000   23.38790
 FREE  6.48000 -0.8482   -3.7057  0.0000 -0.3144 -0.7878 -0.1174  0.0000   -0.0000   23.38790
 FREE  6.50000 -0.9231   -3.7787  0.0000 -0.3436 -0.8567 -0.1174  0.0000   -0.0000   23.38790
 FREE  6.52000 -0.9994   -3.8533  0.0000 -0.3767 -0.9257 -0.1174  0.0000   -0.0000   23.38790
*FREE  6.52016 -1.0000    3.8539  0.0000 -0.3770 -0.9262  0.1988  0.0000    0.0000   23.35991
 FREE  6.54000 -0.9243    3.7782  0.0000 -0.3537 -0.8539  0.1988  0.0000    0.0000   23.35991
 FREE  6.56000 -0.8495    3.6962  0.0000 -0.3342 -0.7810  0.1988  0.0000    0.0000   23.35991
 FREE  6.58000 -0.7765    3.6036  0.0000 -0.3186 -0.7082  0.1988  0.0000    0.0000   23.35991
 FREE  6.60000 -0.7055    3.4932  0.0000 -0.3069 -0.6353  0.1988  0.0000    0.0000   23.35991
 FREE  6.62000 -0.6370    3.3540  0.0000 -0.2991 -0.5624  0.1988  0.0000    0.0000   23.35991
 FREE  6.64000 -0.5717    3.1693  0.0000 -0.2953 -0.4895  0.1988  0.0000    0.0000   23.35991
 FREE  6.66000 -0.5107    2.9142  0.0000 -0.2954 -0.4166  0.1988  0.0000    0.0000   23.35991
 FREE  6.68000 -0.4558    2.5527  0.0000 -0.2994 -0.3437  0.1988  0.0000    0.0000   23.35991
 FREE  6.70000 -0.4096    2.0393  0.0000 -0.3073 -0.2708  0.1988  0.0000    0.0000   23.35991
 FREE  6.72000 -0.3755    1.3348  0.0000 -0.3191 -0.1979  0.1988  0.0000    0.0000   23.35991
 FREE  6.74000 -0.3574    0.4450  0.0000 -0.3349 -0.1250  0.1988  0.0000    0.0000   23.35991
 FREE  6.76000 -0.3584   -0.5400  0.0000 -0.3545 -0.0521  0.1988  0.0000    0.0000   23.35991
 FREE  6.78000 -0.3787   -1.4756  0.0000 -0.3781  0.0208  0.1988  0.0000    0.0000   23.35991
 FREE  6.80000 -0.4163   -2.2558  0.0000 -0.4056  0.0936  0.1988  0.0000    0.0000   23.35991
 FREE  6.82000 -0.4677   -2.8580  0.0000 -0.4371  0.1665  0.1988  0.0000    0.0000   23.35991
 FREE  6.84000 -0.5296   -3.3118  0.0000 -0.4724  0.2394  0.1988  0.0000    0.0000   23.35991
 FREE  6.86000 -0.5995   -3.6586  0.0000 -0.5117  0.3123  0.1988  0.0000    0.0000   23.35991
 FREE  6.88000 -0.6755   -3.9330  0.0000 -0.5549  0.3852  0.1988  0.0000    0.0000   23.35991
 FREE  6.90000 -0.7565   -4.1597  0.0000 -0.6020  0.4581  0.1988  0.0000    0.0000   23.35991
 FREE  6.92000 -0.8417   -4.3552  0.0000 -0.6531  0.5310  0.1988  0.0000    0.0000   23.35991
 FREE  6.94000 -0.9306   -4.5303  0.0000 -0.7080  0.6039  0.1988  0.0000    0.0000   23.35991
*FREE  6.95512 -1.0000    4.6536  0.0000 -0.7522  0.6590  0.6056  0.0000    0.0000   23.31357
 FREE  6.96000 -0.9774    4.6159  0.0000 -0.7332  0.6462  0.6056  0.0000    0.0000   23.31357
 FREE  6.98000 -0.8866    4.4631  0.0000 -0.6582  0.5940  0.6056  0.0000    0.0000   23.31357
 FREE  7.00000 -0.7988    4.3131  0.0000 -0.5870  0.5418  0.6056  0.0000    0.0000   23.31357
 FREE  7.02000 -0.7140    4.1659  0.0000 -0.5198  0.4896  0.6056  0.0000    0.0000   23.31357
 FREE  7.04000 -0.6322    4.0214  0.0000 -0.4565  0.4373  0.6056  0.0000    0.0000   23.31357
 FREE  7.06000 -0.5532    3.8792  0.0000 -0.3971  0.3851  0.6056  0.0000    0.0000   23.31357
 FREE  7.08000 -0.4770    3.7385  0.0000 -0.3416  0.3329  0.6056  0.0000    0.0000   23.31357
 FREE  7.10000 -0.4036    3.5976  0.0000 -0.2901  0.2807  0.6056  0.0000    0.0000   23.31357
 FREE  7.12000 -0.3331    3.4526  0.0000 -0.2424  0.2285  0.6056  0.0000    0.0000   23.31357
 FREE  7.14000 -0.2656    3.2943  0.0000 -0.1987  0.1762  0.6056  0.0000    0.0000   23.31357
 FREE  7.16000 -0.2016    3.0975  0.0000 -0.1589  0.1240  0.6056  0.0000    0.0000   23.31357
 FREE  7.18000 -0.1425    2.7801  0.0000 -0.1231  0.0718  0.6056  0.0000    0.0000   23.31357
 FREE  7.20000 -0.0932    2.0141  0.0000 -0.0911  0.0196  0.6056  0.0000    0.0000   23.31357
 FREE  7.22000 -0.0710   -0.0428  0.0000 -0.0631 -0.0327  0.6056  0.0000    0.0000   23.31357
 FREE  7.24000 -0.0934   -1.9106  0.0000 -0.0390 -0.0849  0.6056  0.0000    0.0000   23.31357
 FREE  7.26000 -0.1384   -2.4632  0.0000 -0.0188 -0.1371  0.6056  0.0000    0.0000   23.31357
 FREE  7.28000 -0.1893   -2.6014  0.0000 -0.0025 -0.1893  0.6056  0.0000    0.0000   23.31357
 FREE  7.30000 -0.2418   -2.6301  0.0000  0.0098 -0.2416  0.6056  0.0000    0.0000   23.31357
 FREE  7.32000 -0.2943   -2.6262  0.0000  0.0183 -0.2938  0.6056  0.0000    0.0000   23.31357
 FREE  7.34000 -0.3467   -2.6139  0.0000  0.0228 -0.3460  0.6056  0.0000    0.0000   23.31357
 FREE  7.36000 -0.3989   -2.6027  0.0000  0.0234 -0.3982  0.6056  0.0000    0.0000   23.31357
 FREE  7.38000 -0.4509   -2.5968  0.0000  0.0200 -0.4504  0.6056  0.0000    0.0000   23.31357
 FREE  7.40000 -0.5028   -2.5986  0.0000  0.0128 -0.5027  0.6056  0.0000    0.0000   23.31357
 FREE  7.42000 -0.5549   -2.6092  0.0000  0.0016 -0.5549  0.6056  0.0000    0.0000   23.31357
 FREE  7.44000 -0.6073   -2.6294  0.0000 -0.0135 -0.6071  0.6056  0.0000    0.0000   23.31357
 FREE  7.46000 -0.6601   -2.6596  0.0000 -0.0325 -0.6593  0.6056  0.0000    0.0000   23.31357
 FREE  7.48000 -0.7137   -2.6999  0.0000 -0.0554 -0.7116  0.6056  0.0000    0.0000   23.31357
 FREE  7.50000 -0.7682   -2.7504  0.0000 -0.0823 -0.7638  0.6056  0.0000    0.0000   23.31357
 FREE  7.52000 -0.8238   -2.8110  0.0000 -0.1131 -0.8160  0.6056  0.0000    0.0000   23.31357
 FREE  7.54000 -0.8807   -2.8816  0.0000 -0.1477 -0.8682  0.6056  0.0000    0.0000   23.31357
 FREE  7.56000 -0.9391   -2.9618  0.0000 -0.1864 -0.9204  0.6056  0.0000    0.0000   23.31357
 FREE  7.58000 -0.9992   -3.0513  0.0000 -0.2289 -0.9727  0.6056  0.0000    0.0000   23.31357
*FREE  7.58025 -1.0000    3.0524  0.0000 -0.2294 -0.9733  1.2934  0.0000    0.0000   23.18112
 FREE  7.60000 -0.9405    2.9636  0.0000 -0.2424 -0.9088  1.2934  0.0000    0.0000   23.18112
 FREE  7.62000 -0.8824    2.8447  0.0000 -0.2594 -0.8434  1.2934  0.0000    0.0000   23.18112
 FREE  7.64000 -0.8270    2.6866  0.0000 -0.2803 -0.7781  1.2934  0.0000    0.0000   23.18112
 FREE  7.66000 -0.7753    2.4766  0.0000 -0.3051 -0.7127  1.2934  0.0000    0.0000   23.18112
 FREE  7.68000 -0.7284    2.2000  0.0000 -0.3339 -0.6474  1.2934  0.0000    0.0000   23.18112
 FREE  7.70000 -0.6878    1.8419  0.0000 -0.3666 -0.5820  1.2934  0.0000    0.0000   23.18112
 FREE  7.72000 -0.6554    1.3900  0.0000 -0.4032 -0.5166  1.2934  0.0000    0.0000   23.18112
 FREE  7.74000 -0.6329    0.8410  0.0000 -0.4437 -0.4513  1.2934  0.0000    0.0000   23.18112
 FREE  7.76000 -0.6223    0.2067  0.0000 -0.4882 -0.3859  1.2934  0.0000    0.0000   23.18112
 FREE  7.78000 -0.6250   -0.4837  0.0000 -0.5365 -0.3206  1.2934  0.0000    0.0000   23.18112
 FREE  7.80000 -0.6417   -1.1887  0.0000 -0.5888 -0.2552  1.2934  0.0000    0.0000   23.18112
 FREE  7.82000 -0.6724   -1.8669  0.0000 -0.6450 -0.1899  1.2934  0.0000    0.0000   23.18112
 FREE  7.84000 -0.7160   -2.4885  0.0000 -0.7051 -0.1245  1.2934  0.0000    0.0000   23.18112
 FREE  7.86000 -0.7714   -3.0397  0.0000 -0.7692 -0.0592  1.2934  0.0000    0.0000   23.18112
 FREE  7.88000 -0.8371   -3.5201  0.0000 -0.8371  0.0062  1.2934  0.0000    0.0000   23.18112
 FREE  7.90000 -0.9118   -3.9371  0.0000 -0.9090  0.0715  1.2934  0.0000    0.0000   23.18112
 FREE  7.92000 -0.9943   -4.3010  0.0000 -0.9848  0.1369  1.2934  0.0000    0.0000   23.18112
*FREE  7.92133 -1.0000    4.3235  0.0000 -0.9900  0.1412  2.2867  0.0000    0.0000   22.90485
 FREE  7.94000 -0.9219    4.0339  0.0000 -0.9057  0.1721  2.2867  0.0000    0.0000   22.90485
 FREE  7.96000 -0.8446    3.6961  0.0000 -0.8193  0.2052  2.2867  0.0000    0.0000   22.90485
 FREE  7.98000 -0.7743    3.3242  0.0000 -0.7368  0.2382  2.2867  0.0000    0.0000   22.90485
 FREE  8.00000 -0.7119    2.9130  0.0000 -0.6582  0.2713  2.2867  0.0000    0.0000   22.90485
 FREE  8.02000 -0.6581    2.4594  0.0000 -0.5835  0.3044  2.2867  0.0000    0.0000   22.90485
 FREE  8.04000 -0.6138    1.9649  0.0000 -0.5127  0.3374  2.2867  0.0000    0.0000   22.90485
 FREE  8.06000 -0.5797    1.4388  0.0000 -0.4459  0.3705  2.2867  0.0000    0.0000   22.90485
 FREE  8.08000 -0.5563    0.8991  0.0000 -0.3830  0.4035  2.2867  0.0000    0.0000   22.90485
 FREE  8.10000 -0.5437    0.3719  0.0000 -0.3239  0.4366  2.2867  0.0000    0.0000   22.90485
 FREE  8.12000 -0.5412   -0.1150  0.0000 -0.2689  0.4697  2.2867  0.0000    0.0000   22.90485
 FREE  8.14000 -0.5478   -0.5393  0.0000 -0.2177  0.5027  2.2867  0.0000    0.0000   22.90485
 FREE  8.16000 -0.5622   -0.8889  0.0000 -0.1705  0.5358  2.2867  0.0000    0.0000   22.90485
 FREE  8.18000 -0.5829   -1.1622  0.0000 -0.1271  0.5688  2.2867  0.0000    0.0000   22.90485
 FREE  8.20000 -0.6083   -1.3658  0.0000 -0.0877  0.6019  2.2867  0.0000    0.0000   22.90485
 FREE  8.22000 -0.6371   -1.5101  0.0000 -0.0522  0.6350  2.2867  0.0000    0.0000   22.90485
 FREE  8.24000 -0.6684   -1.6065  0.0000 -0.0207  0.6680  2.2867  0.0000    0.0000   22.90485
 FREE  8.26000 -0.7011   -1.6657  0.0000  0.0070  0.7011  2.2867  0.0000    0.0000   22.90485
 FREE  8.28000 -0.7348   -1.6971  0.0000  0.0307  0.7342  2.2867  0.0000    0.0000   22.90485
 FREE  8.30000 -0.7689   -1.7081  0.0000  0.0505  0.7672  2.2867  0.0000    0.0000   22.90485
 FREE  8.32000 -0.8030   -1.7050  0.0000  0.0664  0.8003  2.2867  0.0000    0.0000   22.90485
 FREE  8.34000 -0.8370   -1.6926  0.0000  0.0783  0.8333  2.2867  0.0000    0.0000   22.90485
 FREE  8.36000 -0.8707   -1.6751  0.0000  0.0864  0.8664  2.2867  0.0000    0.0000   22.90485
 FREE  8.38000 -0.9040   -1.6556  0.0000  0.0905  0.8995  2.2867  0.0000    0.0000   22.90485
 FREE  8.40000 -0.9369   -1.6368  0.0000  0.0907  0.9325  2.2867  0.0000    0.0000   22.90485
 FREE  8.42000 -0.9695   -1.6210  0.0000  0.0870  0.9656  2.2867  0.0000    0.0000   22.90485
*FREE  8.43888 -1.0000    1.6103  0.0000  0.0799  0.9968  0.2252  0.0000    0.0000   21.71491
 FREE  8.44000 -0.9982    1.6112  0.0000  0.0800  0.9950  0.2252  0.0000    0.0000   21.71491
 FREE  8.46000 -0.9658    1.6268  0.0000  0.0797  0.9625  0.2252  0.0000    0.0000   21.71491
 FREE  8.48000 -0.9331    1.6427  0.0000  0.0755  0.9301  0.2252  0.0000    0.0000   21.71491
 FREE  8.50000 -0.9001    1.6563  0.0000  0.0674  0.8976  0.2252  0.0000    0.0000   21.71491
 FREE  8.52000 -0.8669    1.6646  0.0000  0.0554  0.8651  0.2252  0.0000    0.0000   21.71491
 FREE  8.54000 -0.8336    1.6637  0.0000  0.0395  0.8327  0.2252  0.0000    0.0000   21.71491
 FREE  8.56000 -0.8004    1.6494  0.0000  0.0196  0.8002  0.2252  0.0000    0.0000   21.71491
 FREE  8.58000 -0.7678    1.6162  0.0000 -0.0042  0.7677  0.2252  0.0000    0.0000   21.71491
 FREE  8.60000 -0.7360    1.5574  0.0000 -0.0319  0.7353  0.2252  0.0000    0.0000   21.71491
 FREE  8.62000 -0.7057    1.4655  0.0000 -0.0635  0.7028  0.2252  0.0000    0.0000   21.71491
 FREE  8.64000 -0.6776    1.3317  0.0000 -0.0990  0.6704  0.2252  0.0000    0.0000   21.71491
 FREE  8.66000 -0.6528    1.1467  0.0000 -0.1385  0.6379  0.2252  0.0000    0.0000   21.71491
 FREE  8.68000 -0.6322    0.9022  0.0000 -0.1819  0.6054  0.2252  0.0000    0.0000   21.71491
 FREE  8.70000 -0.6171    0.5923  0.0000 -0.2292  0.5730  0.2252  0.0000    0.0000   21.71491
 FREE  8.72000 -0.6089    0.2162  0.0000 -0.2804  0.5405  0.2252  0.0000    0.0000   21.71491
 FREE  8.74000 -0.6089   -0.2192  0.0000 -0.3356  0.5080  0.2252  0.0000    0.0000   21.71491
 FREE  8.76000 -0.6180   -0.6992  0.0000 -0.3946  0.4756  0.2252  0.0000    0.0000   21.71491
 FREE  8.78000 -0.6370   -1.2036  0.0000 -0.4576  0.4431  0.2252  0.0000    0.0000   21.71491
 FREE  8.80000 -0.6661   -1.7105  0.0000 -0.5245  0.4106  0.2252  0.0000    0.0000   21.71491
 FREE  8.82000 -0.7053   -2.2014  0.0000 -0.5953  0.3782  0.2252  0.0000    0.0000   21.71491
 FREE  8.84000 -0.7540   -2.6640  0.0000 -0.6701  0.3457  0.2252  0.0000    0.0000   21.71491
 FREE  8.86000 -0.8116   -3.0923  0.0000 -0.7487  0.3133  0.2252  0.0000    0.0000   21.71491
 FREE  8.88000 -0.8775   -3.4854  0.0000 -0.8313  0.2808  0.2252  0.0000    0.0000   21.71491
 FREE  8.90000 -0.9508   -3.8457  0.0000 -0.9178  0.2483  0.2252  0.0000    0.0000   21.71491
*FREE  8.91245 -1.0000    4.0550  0.0000 -0.9736  0.2281 -1.8051  0.0000    0.0000   20.56073
 FREE  8.92000 -0.9697    3.9568  0.0000 -0.9472  0.2079 -1.8051  0.0000    0.0000   20.56073
 FREE  8.94000 -0.8933    3.6803  0.0000 -0.8799  0.1542 -1.8051  0.0000    0.0000   20.56073
 FREE  8.96000 -0.8227    3.3751  0.0000 -0.8166  0.1006 -1.8051  0.0000    0.0000   20.56073
 FREE  8.98000 -0.7586    3.0346  0.0000 -0.7571  0.0469 -1.8051  0.0000    0.0000   20.56073
 FREE  9.00000 -0.7016    2.6523  0.0000 -0.7016 -0.0067 -1.8051  0.0000    0.0000   20.56073
 FREE  9.02000 -0.6528    2.2234  0.0000 -0.6500 -0.0604 -1.8051  0.0000    0.0000   20.56073
 FREE  9.04000 -0.6130    1.7473  0.0000 -0.6023 -0.1140 -1.8051  0.0000    0.0000   20.56073
 FREE  9.06000 -0.5832    1.2305  0.0000 -0.5585 -0.1677 -1.8051  0.0000    0.0000   20.56073
 FREE  9.08000 -0.5639    0.6893  0.0000 -0.5187 -0.2213 -1.8051  0.0000    0.0000   20.56073
 FREE  9.10000 -0.5556    0.1478  0.0000 -0.4828 -0.2750 -1.8051  0.0000    0.0000   20.56073
 FREE  9.12000 -0.5578   -0.3666  0.0000 -0.4508 -0.3287 -1.8051  0.0000    0.0000   20.56073
 FREE  9.14000 -0.5699   -0.8307  0.0000 -0.4227 -0.3823 -1.8051  0.0000    0.0000   20.56073
 FREE  9.16000 -0.5906   -1.2309  0.0000 -0.3985 -0.4360 -1.8051  0.0000    0.0000   20.56073
 FREE  9.18000 -0.6187   -1.5639  0.0000 -0.3783 -0.4896 -1.8051  0.0000    0.0000   20.56073
 FREE  9.20000 -0.6528   -1.8342  0.0000 -0.3619 -0.5433 -1.8051  0.0000    0.0000   20.56073
 FREE  9.22000 -0.6917   -2.0510  0.0000 -0.3495 -0.5969 -1.8051  0.0000    0.0000   20.56073
 FREE  9.24000 -0.7345   -2.2244  0.0000 -0.3410 -0.6506 -1.8051  0.0000    0.0000   20.56073
 FREE  9.26000 -0.7805   -2.3643  0.0000 -0.3365 -0.7042 -1.8051  0.0000    0.0000   20.56073
 FREE  9.28000 -0.8289   -2.4792  0.0000 -0.3358 -0.7579 -1.8051  0.0000    0.0000   20.56073
 FREE  9.30000 -0.8795   -2.5761  0.0000 -0.3391 -0.8115 -1.8051  0.0000    0.0000   20.56073
 FREE  9.32000 -0.9319   -2.6605  0.0000 -0.3463 -0.8652 -1.8051  0.0000    0.0000   20.56073
 FREE  9.34000 -0.9859   -2.7371  0.0000 -0.3574 -0.9188 -1.8051  0.0000    0.0000   20.56073
*FREE  9.34514 -1.0000    2.7559  0.0000 -0.3609 -0.9326 -0.7382  0.0000    0.0000   20.24202
 FREE  9.36000 -0.9595    2.6969  0.0000 -0.3370 -0.8984 -0.7382  0.0000    0.0000   20.24202
 FREE  9.38000 -0.9063    2.6226  0.0000 -0.3082 -0.8523 -0.7382  0.0000    0.0000   20.24202
 FREE  9.40000 -0.8546    2.5532  0.0000 -0.2833 -0.8062 -0.7382  0.0000    0.0000   20.24202
 FREE  9.42000 -0.8042    2.4874  0.0000 -0.2624 -0.7602 -0.7382  0.0000    0.0000   20.24202
 FREE  9.44000 -0.7550    2.4235  0.0000 -0.2453 -0.7141 -0.7382  0.0000    0.0000   20.24202
 FREE  9.46000 -0.7072    2.3590  0.0000 -0.2322 -0.6680 -0.7382  0.0000   -0.0000   20.24202
 FREE  9.48000 -0.6607    2.2905  0.0000 -0.2230 -0.6219 -0.7382  0.0000   -0.0000   20.24202
 FREE  9.50000 -0.6157    2.2133  0.0000 -0.2178 -0.5759 -0.7382  0.0000   -0.0000   20.24202
 FREE  9.52000 -0.5723    2.1211  0.0000 -0.2164 -0.5298 -0.7382  0.0000   -0.0000   20.24202
 FREE  9.54000 -0.5310    2.0052  0.0000 -0.2190 -0.4837 -0.7382  0.0000   -0.0000   20.24202
 FREE  9.56000 -0.4923    1.8543  0.0000 -0.2255 -0.4376 -0.7382  0.0000   -0.0000   20.24202
 FREE  9.58000 -0.4571    1.6541  0.0000 -0.2359 -0.3916 -0.7382  0.0000   -0.0000   20.24202
 FREE  9.60000 -0.4266    1.3879  0.0000 -0.2502 -0.3455 -0.7382  0.0000   -0.0000   20.24202
 FREE  9.62000 -0.4022    1.0405  0.0000 -0.2685 -0.2994 -0.7382  0.0000   -0.0000   20.24202
 FREE  9.64000 -0.3856    0.6041  0.0000 -0.2906 -0.2533 -0.7382  0.0000   -0.0000   20.24202
 FREE  9.66000 -0.3785    0.0878  0.0000 -0.3167 -0.2073 -0.7382  0.0000   -0.0000   20.24202
 FREE  9.68000 -0.3824   -0.4785  0.0000 -0.3468 -0.1612 -0.7382  0.0000   -0.0000   20.24202
 FREE  9.70000 -0.3977   -1.0509  0.0000 -0.3807 -0.1151 -0.7382  0.0000   -0.0000   20.24202
 FREE  9.72000 -0.4242   -1.5890  0.0000 -0.4185 -0.0690 -0.7382  0.0000   -0.0000   20.24202
 FREE  9.74000 -0.4609   -2.0690  0.0000 -0.4603 -0.0230 -0.7382  0.0000   -0.0000   20.24202
 FREE  9.76000 -0.5065   -2.4852  0.0000 -0.5060  0.0231 -0.7382  0.0000   -0.0000   20.24202
 FREE  9.78000 -0.5599   -2.8434  0.0000 -0.5556  0.0692 -0.7382  0.0000   -0.0000   20.24202
 FREE  9.80000 -0.6199   -3.1545  0.0000 -0.6091  0.1153 -0.7382  0.0000   -0.0000   20.24202
 FREE  9.82000 -0.6858   -3.4291  0.0000 -0.6666  0.1613 -0.7382  0.0000   -0.0000   20.24202
 FREE  9.84000 -0.7569   -3.6766  0.0000 -0.7280  0.2074 -0.7382  0.0000   -0.0000   20.24202
 FREE  9.86000 -0.8328   -3.9042  0.0000 -0.7932  0.2535 -0.7382  0.0000   -0.0000   20.24202
 FREE  9.88000 -0.9130   -4.1174  0.0000 -0.8625  0.2996 -0.7382  0.0000   -0.0000   20.24202
 FREE  9.90000 -0.9974   -4.3202  0.0000 -0.9356  0.3456 -0.7382  0.0000   -0.0000   20.24202
*FREE  9.90060 -1.0000    4.3262  0.0000 -0.9379  0.3470  0.4002  0.0000    0.0000   19.87913
 FREE  9.92000 -0.9178    4.1452  0.0000 -0.8583  0.3252  0.4002  0.0000    0.0000   19.87913
 FREE  9.94000 -0.8368    3.9594  0.0000 -0.7801  0.3027  0.4002  0.0000    0.0000   19.87913
 FREE  9.96000 -0.7595    3.7746  0.0000 -0.7059  0.2801  0.4002  0.0000    0.0000   19.87913
 FREE  9.98000 -0.6858    3.5908  0.0000 -0.6356  0.2576  0.4002  0.0000    0.0000   19.87913
 FREE 10.00000 -0.6158    3.4080  0.0000 -0.5692  0.2351  0.4002  0.0000    0.0000   19.87913
